1305031453.39169 1.3112 0.8507 1.5186 -0.089797337548412 0.2361929969814578 -0.089797337548412 -0.3908884103304481
1305031453.423683 1.329050742322195 0.8491449638777384 1.5244600835456 -0.09473042914183977 0.2217930979139091 -0.09473042914183977 -0.3885566513610387
1305031453.459685 1.331764254528597 0.8398411580027009 1.527057839898374 -0.09268425590169922 0.2140962317942122 -0.09268425590169922 -0.3900321953884868
1305031453.491698 1.333146332416713 0.8263274626423154 1.53125058988527 -0.08670565262207854 0.204666230428344 -0.08670565262207854 -0.3938293186007806
1305031453.523684 1.335942004126163 0.8148046160570289 1.538129620106876 -0.08341960541330658 0.1915178454440214 -0.08341960541330658 -0.3978628170146156
1305031453.559753 1.365684095299795 0.8164286865135754 1.543771377200725 -0.09529009436608632 0.18055790139767 -0.09529009436608632 -0.4008518908184757
1305031453.59164 1.38941576615274 0.8123407749245305 1.547294034290045 -0.1084418757211098 0.1697861954146823 -0.1084418757211098 -0.404087169056351
1305031453.627706 1.407266279414686 0.7963465783561524 1.547741652929276 -0.1135736056422729 0.1615873922434406 -0.1135736056422729 -0.4118277274955167
1305031453.6596 1.407999222879185 0.773379883797248 1.55558790776943 -0.1142631608508422 0.1561094145983294 -0.1142631608508422 -0.4172262179554927
1305031453.691678 1.373333645947041 0.7527788634893972 1.575664421310516 -0.1033543072936201 0.1555862387724023 -0.1033543072936201 -0.4196057118313892
1305031453.727652 1.383279823543604 0.7324731473740002 1.568452811440709 -0.1110850557115421 0.1601439508062154 -0.1110850557115421 -0.4287547664810966
1305031453.759694 1.42196449825383 0.7088588362974584 1.554161110430743 -0.1317295078381849 0.1602942563379787 -0.1317295078381849 -0.4349576730780004
1305031453.791716 1.391677238717558 0.6698696065381169 1.569602558673716 -0.1316879688157662 0.1607190318960174 -0.1316879688157662 -0.4344868786197216
1305031453.827773 1.382124741012297 0.6455183991216809 1.571861293141771 -0.1343428882182652 0.1699807450421061 -0.1343428882182652 -0.4387664649345923
1305031453.859705 1.384840289334722 0.6291794189662155 1.568817451124233 -0.1405961250738477 0.1789385818246909 -0.1405961250738477 -0.4416749901310413
1305031453.89171 1.306998938298952 0.5960580189990189 1.581287469595284 -0.1226046466932771 0.1837890568155078 -0.1226046466932771 -0.4422967465502081
1305031453.927723 1.25981769191762 0.560626877941774 1.577181555716458 -0.1129692165664745 0.1968406037991251 -0.1129692165664745 -0.4459227673002584
1305031453.959641 1.301960970671709 0.5378553170881436 1.548096016017017 -0.1383226049564421 0.2163067850734189 -0.1383226049564421 -0.4484445988034373
1305031453.991624 1.327306743131764 0.5200380046994998 1.542605954162983 -0.151206250797752 0.2377798957048264 -0.151206250797752 -0.4448116387282613
1305031454.027662 1.340409449435944 0.5209601639776724 1.562482440150538 -0.1638700731185667 0.2526059018055742 -0.1638700731185667 -0.4336818227460954
1305031454.059654 1.336045317981915 0.5129972785527041 1.557808962025373 -0.1698861580119295 0.2662398242111964 -0.1698861580119295 -0.4345268106322898
1305031454.091651 1.324873045472536 0.5031165142068199 1.563465169263826 -0.1753301153319023 0.2801447245674518 -0.1753301153319023 -0.4315507722439246
1305031454.127701 1.3200732637636 0.5012634638658136 1.563674089731833 -0.1788268327429859 0.3007633863478131 -0.1788268327429859 -0.4306564752233525
1305031454.159672 1.301730607554747 0.4822803220902504 1.556726636269245 -0.1820102157554178 0.3186399834152055 -0.1820102157554178 -0.434218212093929
1305031454.191658 1.282138736133558 0.4867920197380819 1.559615154539643 -0.1889766035911451 0.33610047407431 -0.1889766035911451 -0.4293870668465449
1305031454.227671 1.271381082778725 0.4764494889902359 1.554576724066739 -0.1962510831290147 0.3550503016527925 -0.1962510831290147 -0.4243063565339621
1305031454.259627 1.203418077584038 0.5099655667778811 1.583900260357659 -0.1866290640351133 0.3650421391293738 -0.1866290640351133 -0.4176329833025885
1305031454.291639 1.214983285697019 0.4683392763735537 1.557745405372538 -0.1934634096118813 0.3786730109570509 -0.1934634096118813 -0.434168972196818
1305031454.327699 1.257195745490628 0.4011530121761914 1.513892469183739 -0.1974468401387549 0.3875344697400008 -0.1974468401387549 -0.4550777349621974
1305031454.359636 1.232109021632128 0.4531187023903812 1.524210948813858 -0.210119550033718 0.4034741290610122 -0.210119550033718 -0.4374949708244915
1305031454.391677 1.191546580422892 0.4186440267356101 1.527473881799189 -0.1993033796639761 0.4230869246490894 -0.1993033796639761 -0.4455737878784981
1305031454.427465 1.197342906315125 0.367730270164541 1.51987984543472 -0.1915155806141711 0.4393364114565047 -0.1915155806141711 -0.456803193684064
1305031454.459913 1.229011496475104 0.4475275157342857 1.489965848831941 -0.2343042193007288 0.4482843515016346 -0.2343042193007288 -0.4380460003804768
1305031454.491617 1.229141802372418 0.3799881828247917 1.488947249912415 -0.2180679592925137 0.4661999577952035 -0.2180679592925137 -0.4529195986724235
1305031454.5277 1.216225310024605 0.3743615830874291 1.488993624155259 -0.2119391569209955 0.4827743224743829 -0.2119391569209955 -0.4523840058711429
1305031454.559575 1.219736369704799 0.3708419025318485 1.480978064555689 -0.2122539518695623 0.4983499964401442 -0.2122539518695623 -0.4505049538061413
1305031454.591635 1.224253449750881 0.3637400259540344 1.471418458030255 -0.2117079222374633 0.5100455009066742 -0.2117079222374633 -0.4481222500152326
1305031454.62758 1.226490840583155 0.3690625220051789 1.477326694441443 -0.215509690065323 0.5289692811516218 -0.215509690065323 -0.4370482154686767
1305031454.659528 1.23946562869028 0.3521892539854302 1.45048569497078 -0.2211052530743154 0.5476584101700182 -0.2211052530743154 -0.4404400910913862
1305031454.691884 1.230051772325102 0.3383444464841761 1.449105694911711 -0.2192665137612646 0.5654734010091307 -0.2192665137612646 -0.4345834096252573
1305031454.727659 1.248026448787131 0.3602914731963151 1.437336048914705 -0.239915146414142 0.5739948957196631 -0.239915146414142 -0.4186772736522069
1305031454.759732 1.261943221793616 0.3793566030651754 1.422289370638351 -0.2563237776256314 0.5868011319739163 -0.2563237776256314 -0.4088991391678772
1305031454.791641 1.265142330461837 0.3890412601443961 1.406135441938226 -0.2666549168614629 0.5858700269420108 -0.2666549168614629 -0.4027233775087626
1305031454.82757 1.272151604482015 0.3911279819794084 1.399439678952145 -0.2729410738226684 0.5816555517601625 -0.2729410738226684 -0.3971471361461434
1305031454.85962 1.286340858001834 0.3901220187535334 1.38666860234747 -0.2790891035019311 0.5754932807134435 -0.2790891035019311 -0.3935841078182336
1305031454.891764 1.297322672812164 0.3772945181262557 1.382330769254959 -0.2755770449694474 0.5690549697969217 -0.2755770449694474 -0.3936296194108265
1305031454.927567 1.300472395067574 0.3777224858690393 1.375225220735284 -0.274929787798976 0.5622438944815787 -0.274929787798976 -0.3912820509454795
1305031454.959648 1.303902024503814 0.3835861669427823 1.36804993400653 -0.275039274994607 0.5568094967149559 -0.275039274994607 -0.3879419492517646
1305031454.991937 1.300739437677342 0.3848982286286805 1.366562248723729 -0.2732607671455518 0.5512083095280494 -0.2732607671455518 -0.3826496294260871
1305031455.027799 1.30201676111259 0.3673565943008532 1.363110695708057 -0.2695159274841447 0.5450618780145664 -0.2695159274841447 -0.383974775084033
1305031455.059636 1.304815814827458 0.3603115264084633 1.354591010718128 -0.2709930064900206 0.5422339734968625 -0.2709930064900206 -0.3838544661466566
1305031455.0917 1.30771933511503 0.3519994250760879 1.351728438817394 -0.2689698718347783 0.5393922704661125 -0.2689698718347783 -0.3836013304361557
1305031455.127695 1.304246245001899 0.332522600057796 1.345852453134268 -0.263647762749464 0.5367440304420628 -0.263647762749464 -0.3898039362562232
1305031455.15972 1.310489987908191 0.3127041736593643 1.336492229175144 -0.2594708709237071 0.5328025453180973 -0.2594708709237071 -0.3968275995864772
1305031455.191655 1.306281396436966 0.30229958902824 1.330240039666095 -0.2576664697357461 0.527868089200946 -0.2576664697357461 -0.3972778737467634
1305031455.227581 1.304435959697644 0.2881555921839114 1.323918946727973 -0.2561209749637008 0.5219634489127063 -0.2561209749637008 -0.3967198343496227
1305031455.259631 1.300823900509288 0.2779260178919828 1.320479246838905 -0.2564943729665238 0.5157345756362828 -0.2564943729665238 -0.3969213179387115
1305031455.291831 1.301395275643821 0.258802133353666 1.313686039634495 -0.2530619501109805 0.5093403370442102 -0.2530619501109805 -0.3991478462940214
1305031455.327766 1.294056412837189 0.2481421016424236 1.307772628527395 -0.2513954141140869 0.4996749886933841 -0.2513954141140869 -0.3938402231121357
1305031455.35963 1.287617832074093 0.2356064437309097 1.303780363653574 -0.2532351534734592 0.489747612032498 -0.2532351534734592 -0.3886591402018583
1305031455.391665 1.289574579778189 0.2193582559504713 1.296018248346376 -0.2524581875547464 0.4844874179607515 -0.2524581875547464 -0.3848357909409067
1305031455.427642 1.27136247908782 0.2166888909208478 1.295902524846186 -0.2495339763366727 0.4742737803495632 -0.2495339763366727 -0.3743126056107977
1305031455.459589 1.263783914647875 0.2047438427376557 1.295966914283077 -0.2462403988897636 0.4645417900039783 -0.2462403988897636 -0.3691766385655175
1305031455.491637 1.254346295920927 0.1918907492362872 1.301290801991768 -0.2449026508860177 0.4558119709922101 -0.2449026508860177 -0.364473729275433
1305031455.52761 1.250054381454858 0.1774163363814045 1.300137250623287 -0.2458207004854136 0.4460466768450597 -0.2458207004854136 -0.3624960745266457
1305031455.559669 1.238347046121581 0.1595097779156672 1.302882514699459 -0.245843785541204 0.4335325540325426 -0.245843785541204 -0.3598558669105196
1305031455.591645 1.221123070974481 0.150682712515874 1.310529316144891 -0.2517977409068191 0.4218920535308547 -0.2517977409068191 -0.3533993292527721
1305031455.627617 1.215711168139072 0.1323541316601052 1.311519100914157 -0.2588409905285253 0.4094956260680568 -0.2588409905285253 -0.3514077141652102
1305031455.659615 1.205219456663881 0.1244186109321741 1.321529640372919 -0.2618495718191972 0.3989466020671029 -0.2618495718191972 -0.3435761668379224
1305031455.691605 1.188525414320987 0.1012681089812617 1.329411829498229 -0.258735836695665 0.3924283561845691 -0.258735836695665 -0.3492803222659978
1305031455.727628 1.181337601149989 0.09532084324034766 1.330996928818335 -0.2621846594023756 0.3912967731003333 -0.2621846594023756 -0.3513160036262046
1305031455.759683 1.177896930073368 0.09131836426925585 1.336977242691553 -0.2613559953274457 0.3938684220169565 -0.2613559953274457 -0.3524698519373171
1305031455.791666 1.165567922518288 0.06440707990841957 1.348056343359568 -0.2507341303947703 0.3935098289834666 -0.2507341303947703 -0.3593764294904978
1305031455.82759 1.152638170857762 0.04828096367526583 1.360592854893066 -0.2455930873916762 0.3891141565462177 -0.2455930873916762 -0.3627994117124906
1305031455.859526 1.148403606862027 0.04030570843009949 1.369173812917712 -0.2453897155603965 0.3872385551257834 -0.2453897155603965 -0.3649654905439931
1305031455.891657 1.138262684438982 0.03268961914012395 1.387028142779245 -0.2426932313381036 0.3877212951049008 -0.2426932313381036 -0.3625906993250789
1305031455.927955 1.131982986561389 0.02092424400405958 1.399387520039687 -0.2395919859624415 0.3868793502957908 -0.2395919859624415 -0.3633298442688245
1305031455.959716 1.119063213966897 -0.0007592797328740339 1.415000762983566 -0.2309532585303499 0.3863742427182946 -0.2309532585303499 -0.366089837735245
1305031455.991694 1.102874649095337 -0.03190316722770582 1.42269832791545 -0.2205988298304736 0.3856515953618376 -0.2205988298304736 -0.3732460325866444
1305031456.02777 1.09702528116926 -0.0454542325181314 1.432316065717548 -0.2135368532508155 0.3859435315960307 -0.2135368532508155 -0.3739815929215957
1305031456.059713 1.094270527932028 -0.06524636549979809 1.4343362384928 -0.2057733189670161 0.3843551148483842 -0.2057733189670161 -0.3741046439619504
1305031456.091707 1.096998488566071 -0.05536960671270649 1.447134962532525 -0.1992486429318867 0.3925706177603548 -0.1992486429318867 -0.3638168252658016
1305031456.127645 1.089442959103823 -0.04787381539269906 1.457986046929017 -0.1938051815237034 0.3967570016189987 -0.1938051815237034 -0.3569902075510879
1305031456.159731 1.079125313421488 -0.05104811838349169 1.469646146488842 -0.1874723814474035 0.3975406701219535 -0.1874723814474035 -0.3560857733905181
1305031456.191658 1.077381060063676 -0.04531523359702969 1.475075646547991 -0.186063877103918 0.3965291705874346 -0.186063877103918 -0.3552480495790576
1305031456.227678 1.073277958404452 -0.02399701986641849 1.485781183412848 -0.189264391616083 0.3906276696016623 -0.189264391616083 -0.3530928848963633
1305031456.291675 1.062255658069469 -0.07525723533640408 1.486487513405577 -0.1678657802446215 0.3893938311187352 -0.1678657802446215 -0.3738351989994674
1305031456.327718 1.07394511095252 0.01252796757494003 1.501078258411231 -0.188578190888829 0.3704820281177362 -0.188578190888829 -0.3516485537200179
1305031456.391619 1.03818033359499 -0.05145301249170604 1.495016727490148 -0.1596157594812714 0.3630468260214001 -0.1596157594812714 -0.3794549646476791
1305031456.427662 1.039301834727127 -0.03004466584127028 1.521264382543184 -0.155440840173013 0.3419855247474607 -0.155440840173013 -0.3745428134205139
1305031456.491677 0.9603634745477608 0.002827280730147354 1.573012253924756 -0.1379769337651418 0.325951495656532 -0.1379769337651418 -0.3551349396164539
1305031456.527641 0.965433178300702 -0.1639293722220063 1.502141590022362 -0.1101988509507929 0.3169336566127864 -0.1101988509507929 -0.4133099764492404
1305031456.591651 0.963665671821836 -0.08630399567791107 1.483580354138403 -0.136820279505797 0.3126066084540037 -0.136820279505797 -0.3877819308774852
1305031456.627612 0.9258744918691489 -0.102241672311072 1.475614449435472 -0.1296619027986015 0.3008349821424058 -0.1296619027986015 -0.3892364641071946
1305031456.691612 0.9194061917427025 -0.11419884165806 1.454450233175833 -0.1232345657339376 0.2975712551971776 -0.1232345657339376 -0.3864088320242763
1305031456.727693 0.8863133802494476 -0.07095070642782857 1.459394722818175 -0.127925830614145 0.2859933510949705 -0.127925830614145 -0.360236727695204
1305031456.791649 0.8679095275837609 -0.08905008974387445 1.452594417608605 -0.1251310411609048 0.2759809085062471 -0.1251310411609048 -0.358074606460294
1305031456.827603 0.8106474574546595 -0.06291527622897007 1.463124440920623 -0.1346186972745736 0.2672431077337954 -0.1346186972745736 -0.3370884146017312
1305031456.891672 0.8163680630442992 -0.1018087382406705 1.436211180512165 -0.1371469765631507 0.2564940799814069 -0.1371469765631507 -0.3487880604928461
1305031456.92769 0.8051539414767247 -0.1112902926075138 1.427611398213769 -0.1357649875092581 0.2491953267903565 -0.1357649875092581 -0.3438965497902388
1305031456.959667 0.79302673779399 -0.04564724419161272 1.429561298140303 -0.1508188359826071 0.2377395881522269 -0.1508188359826071 -0.3227559050718346
1305031456.991709 0.7992240621507376 -0.0528491320301165 1.416210248976094 -0.1552584692020506 0.2315195974876645 -0.1552584692020506 -0.3226374898604667
1305031457.027648 0.7753799033383443 -0.06191262676208074 1.413977226960704 -0.1437021881383628 0.2292089722100927 -0.1437021881383628 -0.318967658067672
1305031457.091655 0.7635782447622346 -0.0478811497720554 1.410128289447223 -0.143940372217835 0.2272683930071647 -0.143940372217835 -0.3121326328829221
1305031457.127632 0.7393564990696326 -0.1519781365427731 1.395033372569218 -0.1161150435096814 0.2118002259647766 -0.1161150435096814 -0.3376083877969229
1305031457.191735 0.7249022175186303 -0.05550297427411223 1.426516022265848 -0.1260988699721633 0.2104533489793499 -0.1260988699721633 -0.2901322547502847
1305031457.227543 0.6897619569892977 -0.08894259252645952 1.429368400784756 -0.1085992711657699 0.1905717309577806 -0.1085992711657699 -0.3007665383776544
1305031457.291656 0.6893305706066012 -0.09064990343188542 1.443061900026374 -0.1076417464203209 0.1846175464383218 -0.1076417464203209 -0.2916362533126252
1305031457.327548 0.6660740206329031 -0.03438706492081582 1.465212468492584 -0.1094234321766572 0.1697531612534995 -0.1094234321766572 -0.2733189601075522
1305031457.391684 0.6538263134192214 -0.09629504660016641 1.47649582001178 -0.0930912191570237 0.1589791780348615 -0.0930912191570237 -0.2950195425331184
1305031457.427641 0.6143154211891686 -0.135047487979569 1.463495392582392 -0.07055305494889148 0.1367574547262176 -0.07055305494889148 -0.3200709983798694
1305031457.491705 0.6163596368350409 -0.1300489529810067 1.510339162185923 -0.07067779192278301 0.128489948538203 -0.07067779192278301 -0.3050403290212633
1305031457.527638 0.5894874407575065 -0.1426241655030768 1.518899229864606 -0.06828848750050374 0.1182156811492588 -0.06828848750050374 -0.3080568519120294
1305031457.559685 0.5831116191715771 -0.1298359071531683 1.535455505462548 -0.07071718050473608 0.1112214396472409 -0.07071718050473608 -0.3030231594344046
1305031457.591678 0.5752414398384411 -0.134298745409823 1.552267437505049 -0.0685848855662875 0.1059883784986407 -0.0685848855662875 -0.3038904368113974
1305031457.627526 0.565283525771629 -0.1412398076825758 1.569211999575814 -0.06608468382248478 0.1006901262012806 -0.06608468382248478 -0.3041703966023566
1305031457.659632 0.5491665611217161 -0.1770993849216575 1.597322891157811 -0.06120804369295197 0.09507708315865562 -0.06120804369295197 -0.3080755451867954
1305031457.69157 0.5236501235697657 -0.1932541246013013 1.608885225983369 -0.05815423636883122 0.08777878391643408 -0.05815423636883122 -0.3097711935187822
1305031457.727669 0.5052926910502487 -0.2191606511764575 1.604185624147161 -0.05798356945044664 0.07974033638150656 -0.05798356945044664 -0.3134029842473351
1305031457.759556 0.4729397175537331 -0.2147086442494907 1.629868873503092 -0.05258360628810022 0.07213052990825712 -0.05258360628810022 -0.3045108920389955
1305031457.791567 0.4545960279096546 -0.2194146094339178 1.640428884125394 -0.04948301178567405 0.07032220277617279 -0.04948301178567405 -0.3075137127038978
1305031457.827699 0.4956281267719845 -0.1662091752634215 1.651657577793125 -0.05295679101585905 0.07964956579583865 -0.05295679101585905 -0.3114325594953559
1305031457.859623 0.4846213133524243 -0.1698043589636423 1.660254225214976 -0.04579795492774524 0.07372878010991221 -0.04579795492774524 -0.3223330173366352
1305031457.891593 0.4503573743527398 -0.1968419405617517 1.671858328056589 -0.03372931806999623 0.05843188046224843 -0.03372931806999623 -0.327874015051291
1305031457.927633 0.4251743227543057 -0.1946038352027009 1.678039302320104 -0.02286163633149593 0.05485330352230953 -0.02286163633149593 -0.3383517877942487
1305031457.991644 0.4147777348693483 -0.1800202040911955 1.693333640888329 -0.02057351932737739 0.05480934577051719 -0.02057351932737739 -0.3476804152235057
1305031458.027845 0.3141467176290249 -0.3062090300467122 1.629349010200656 -0.004376117486017939 0.02978974709867819 -0.004376117486017939 -0.4007419060703458
1305031458.059689 0.4440968615727168 -0.2336884565868909 1.628080886220324 -0.04679862985367964 0.03560599616728987 -0.04679862985367964 -0.3967019392647298
1305031458.09169 0.4426189180270766 -0.2501492552316549 1.629520107725327 -0.04818878879859723 0.03037042640659791 -0.04818878879859723 -0.4064994948967073
1305031458.127605 0.4624543425512183 -0.339783665176382 1.586754501970126 -0.05992455240905241 0.0184310611585078 -0.05992455240905241 -0.4329459718028418
1305031458.159638 0.4348077793494533 -0.3619793733899077 1.572785455552457 -0.05434362299613552 0.01312948614157206 -0.05434362299613552 -0.4401516331952386
1305031458.191646 0.3806362639693038 -0.366655417829404 1.570643654302558 -0.04442147055988752 0.004388336388882629 -0.04442147055988752 -0.4441588195018351
1305031458.227611 0.2005443502281525 -0.4250865600778442 1.595684539752194 -0.00300578040757099 -0.01111697550975009 -0.00300578040757099 -0.4454213767982523
1305031458.259934 0.237182685350954 -0.4089718248127845 1.608490414270102 -0.01799102743466449 -0.01805474656891673 -0.01799102743466449 -0.4327645242194601
1305031458.291664 0.2182140759952405 -0.3860785463866993 1.570633360412684 -0.006408391030480159 -0.02123278146769865 -0.006408391030480159 -0.438531853157759
1305031458.327628 0.1689886758397398 -0.3752587788468084 1.580307321442738 -0.005402984243585722 -0.0204770112901857 -0.005402984243585722 -0.4428132698057741
1305031458.35959 0.1911871673156887 -0.3704073866371397 1.585216961598884 -0.02028564198535227 -0.02348159569710157 -0.02028564198535227 -0.4413384369988606
1305031458.391626 0.0879907409626636 -0.4086539040699095 1.532081330344619 0.01037633002819634 -0.03200053268063006 0.01037633002819634 -0.4619297346045338
1305031458.427598 0.1018151700693836 -0.3639697362790094 1.539048554950567 -0.0007526287899540615 -0.03093622309670619 -0.0007526287899540615 -0.4648052388029392
1305031458.459637 0.06571722934872999 -0.3819947891624236 1.54318594705863 0.001781783576190753 -0.03696126094092007 0.001781783576190753 -0.470920088661724
1305031458.491696 0.3187397409164717 -0.3386685064454824 1.518373822488082 -0.0682323108066175 -0.02568188552881989 -0.0682323108066175 -0.4775500499895919
1305031458.527737 0.2171461229356391 -0.1965341910607583 1.545262852949386 -0.04161058895846673 -0.04424045922451482 -0.04161058895846673 -0.4737357517952765
1305031458.559628 0.01210079844185119 -0.1197135917575161 1.598201075349649 0.01034352051235893 -0.08753418012483674 0.01034352051235893 -0.4656248135516146
1305031458.591641 0.09335619916250035 -0.1927535625462077 1.544355239049985 -0.0177125407090716 -0.08601069157850399 -0.0177125407090716 -0.4967995562569194
1305031458.627659 0.008679677320630935 -0.1618714375768494 1.527401584609165 -0.0165281253317097 0.08218259478609735 -0.0165281253317097 0.5065071680713578
1305031458.659623 -0.09097587368634147 -0.175254072122481 1.562773672978944 0.05401944818086904 -0.0894847580145281 0.05401944818086904 -0.493094963608886
1305031458.691674 -0.1291563736329988 -0.2244645917565766 1.535501856199848 0.05549079327754365 -0.08723162648256479 0.05549079327754365 -0.4975083237982236
1305031458.72765 -0.2410034112823187 -0.09284170974027833 1.511669297786692 0.08186791454975972 -0.07486498837157522 0.08186791454975972 -0.477771232984005
1305031458.759945 -0.3298001458236709 -0.1541275659176463 1.409633762445707 -0.1237018412330619 0.04728579413587287 -0.1237018412330619 0.5020696812112792
1305031458.791632 -0.3117840006258965 -0.1228057132627981 1.410280800971206 -0.1017056992541447 0.03699856088622322 -0.1017056992541447 0.5006624609903843
1305031458.827564 -0.2969284459558565 -0.1113276424870884 1.392012064199137 0.08396103683121948 -0.01412115734662791 0.08396103683121948 -0.4993845296146133
1305031458.891665 -0.2777925720234037 -0.08860786192253706 1.396273532516251 0.0674328150399852 -0.0113322971159651 0.0674328150399852 -0.4885605012479777
1305031458.927621 -0.2386959931629525 -0.02569731436903941 1.421977707938425 0.04906403095170481 -0.00666070239165127 0.04906403095170481 -0.4770232187087317
1305031458.959617 0.1543293662769787 -0.09927237547617251 1.414294931296558 -0.1056322079919227 -0.01439873310234958 -0.1056322079919227 -0.4779628965337586
1305031458.991647 0.1422170425868591 -0.1941816029315658 1.368098485600207 0.09286670427595345 0.01111765999326612 0.09286670427595345 0.505094304903373
1305031459.027665 -0.1991430862916407 -0.06797528169716593 1.355562559766333 0.01132309961177168 -0.03642485070850584 0.01132309961177168 -0.4948078066616381
1305031459.059631 -0.3089289653204251 0.134711452337492 1.451894186792924 0.02398327028117347 -0.05502177784653359 0.02398327028117347 -0.4573350289110856
1305031459.127618 -0.2295757028919388 0.08001109763393027 1.404904978536184 -0.01273770849253081 -0.05004106930184555 -0.01273770849253081 -0.4798443111361619
1305031459.159639 -0.2295757028919388 0.08001109763393027 1.404904978536184 -0.01273770849253081 -0.05004106930184555 -0.01273770849253081 -0.4798443111361619
1305031459.191674 -0.2323380034844638 0.05013477758065994 1.392310718999304 -0.03082463097044101 -0.03501384221413955 -0.03082463097044101 -0.4912468690183542
1305031459.227607 -0.2805751557513804 0.01426934877091862 1.387134225181459 -0.04044471690637553 -0.03548911533147904 -0.04044471690637553 -0.4983262885152036
1305031459.25976 -0.3517372408927769 -0.005054705303624146 1.423603089218396 -0.05612554778529668 -0.05652991767306215 -0.05612554778529668 -0.4929338848063003
1305031459.327632 -0.2658629245599498 0.0633657164752809 1.388317611405022 -0.09386078698973298 -0.06371176582226942 -0.09386078698973298 -0.4881506574688362
1305031459.359651 0.04570235353105234 -0.2005707663106303 1.492055814347716 -0.1990803850016497 -0.1204792889796743 -0.1990803850016497 -0.4658354250324838
1305031459.391667 -0.3315686251310578 0.03429460988033922 1.402827728104402 -0.05858099391681388 -0.1326288106132776 -0.05858099391681388 -0.4882261230119421
1305031459.427646 -0.3014612894054469 0.01206104947067578 1.417325251940241 -0.06837348501919152 -0.1637001989514383 -0.06837348501919152 -0.4776516820907764
1305031459.459679 -0.3899793694153951 0.1214203613714002 1.422559369320875 -0.03250742459935364 -0.2076178967824707 -0.03250742459935364 -0.4544210873411695
1305031459.527594 -0.3851650171783335 0.1563983603080025 1.42020920239303 -0.02865996668285724 -0.2317261708515264 -0.02865996668285724 -0.4441923060024355
1305031459.559647 -0.3851650171783335 0.1563983603080025 1.42020920239303 -0.02865996668285724 -0.2317261708515264 -0.02865996668285724 -0.4441923060024355
1305031459.591695 -0.4076769498779861 0.1868720592224546 1.398965809624118 -0.01653654806844059 -0.2586349279931862 -0.01653654806844059 -0.4356275898099735
1305031459.627608 -0.410374241209866 0.1940669586274388 1.400503984186188 -0.02140914481432188 -0.279300818839515 -0.02140914481432188 -0.4244191190775944
1305031459.659641 -0.4266544965518319 0.1940813701822267 1.392178421487616 -0.02477814948214317 -0.2892042132242431 -0.02477814948214317 -0.4216749088793448
1305031459.691604 -0.3972514923483015 0.189891072610248 1.374766169576674 -0.03747482107183617 -0.2883532849347147 -0.03747482107183617 -0.4242730368130903
1305031459.727551 -0.4303054515451589 0.1791883341526972 1.374231560172154 -0.02192843108736703 -0.2979473613610173 -0.02192843108736703 -0.4232984577999664
1305031459.79165 -0.4426463438291479 0.1905821875606402 1.35972998953501 -0.016734195047028 -0.3062312799010495 -0.016734195047028 -0.4226636103597378
1305031459.827664 -0.4329509185785209 0.2018108923531478 1.364843808160714 -0.02456576656520656 -0.3026606791322314 -0.02456576656520656 -0.4250948413961027
1305031459.85966 -0.4441259086030374 0.2062469663882742 1.382769215760368 -0.02568790744051898 -0.2983789233765088 -0.02568790744051898 -0.4212489553180073
1305031459.891596 -0.4631094122135013 0.2000810234072364 1.395082336523299 -0.02752866101455672 -0.2954347031723695 -0.02752866101455672 -0.4182469654595071
1305031459.927607 -0.498536185533961 0.2089722332636039 1.409434165091914 -0.02389489419529432 -0.2954750135499396 -0.02389489419529432 -0.4116297082942348
1305031459.991725 -0.4742196763797575 0.2198557623134882 1.411145367793958 -0.04156406096758524 -0.2940002289444842 -0.04156406096758524 -0.4072362319766268
1305031460.027565 -0.5424590398222773 0.2282841933985663 1.425875845566374 -0.03072211903226696 -0.2992293003471754 -0.03072211903226696 -0.4043079910563805
1305031460.059659 -0.5324339802154155 0.2455149995943572 1.428838364714024 -0.03855245692823489 -0.3009733582347624 -0.03855245692823489 -0.4003446397958506
1305031460.091717 -0.5291715097365147 0.2584488064038661 1.43358213709683 -0.04410608637695289 -0.3014958985175325 -0.04410608637695289 -0.3988377438615331
1305031460.12769 -0.5657942787851135 0.2731326623277516 1.447113846640116 -0.04274868947135103 -0.3085582822925068 -0.04274868947135103 -0.3969365426872906
1305031460.159678 -0.5932357228169159 0.2902139251981311 1.458646650488763 -0.04132133674803595 -0.3136033905375282 -0.04132133674803595 -0.3943760672972765
1305031460.191559 -0.5931356135576382 0.3001709073619581 1.466600437184797 -0.05505321679493114 -0.3176852258577478 -0.05505321679493114 -0.394329486064697
1305031460.227761 -0.6062948585141607 0.2849370596155441 1.474019861187589 -0.06595572946434052 -0.320596089972175 -0.06595572946434052 -0.3961411062976199
1305031460.291689 -0.5649161762009812 0.3021073650571063 1.488781470168669 -0.08414283406847606 -0.3239253610454557 -0.08414283406847606 -0.3850974125688744
1305031460.327512 -0.4453337327783092 0.2879547345286329 1.527866884575428 -0.1268000111844971 -0.3198168649798321 -0.1268000111844971 -0.3694501792812074
1305031460.391611 -0.5906115950663171 0.3256035320864398 1.497476507000584 -0.05935085256443973 -0.3312863599831217 -0.05935085256443973 -0.3931178089105245
1305031460.427477 -0.365664610083023 0.2225750377819191 1.527083606541022 -0.1485218152182367 -0.3175249990832448 -0.1485218152182367 -0.3807878452294149
1305031460.45962 -0.3797883414100532 0.2542286382873736 1.537671384339812 -0.1331553895699482 -0.3304095067720021 -0.1331553895699482 -0.3738962645330172
1305031460.491504 -0.3876663408517348 0.2571673836768991 1.542459105173002 -0.1235024163266061 -0.3406610659286091 -0.1235024163266061 -0.3722269409097482
1305031460.52757 -0.4313455003190917 0.2718983731770703 1.539800066422743 -0.09639062579798052 -0.354388889208423 -0.09639062579798052 -0.3709953430748592
1305031460.559647 -0.4340536890499274 0.2929154546121533 1.549345168378329 -0.08706718359599411 -0.3699827608604816 -0.08706718359599411 -0.3575079610131117
1305031460.591855 -0.4544454289043673 0.3153038575710483 1.544564321624971 -0.07311259467269013 -0.3788805493586108 -0.07311259467269013 -0.3535246197039993
1305031460.627625 -0.4485565342758578 0.3194027770777835 1.543560192988293 -0.06911402506745601 -0.3827623259687776 -0.06911402506745601 -0.3515910713128318
1305031460.659764 -0.4552058924241094 0.3275091963589081 1.546689188169322 -0.06046112268841387 -0.3878461897519708 -0.06046112268841387 -0.3496202626122418
1305031460.691671 -0.4589777214845148 0.3376274584518907 1.5494287576636 -0.05333419636956772 -0.3913728382452752 -0.05333419636956772 -0.3482370890851461
1305031460.727675 -0.4660047478004294 0.3477837425018747 1.561129785674422 -0.0497281320432419 -0.3959236428982951 -0.0497281320432419 -0.3427812548749632
1305031460.759667 -0.4580343799272076 0.3549875912374649 1.569979686674947 -0.05384628457457078 -0.3980282957114035 -0.05384628457457078 -0.3360099687453986
1305031460.79166 -0.4647114772025696 0.3689273470545995 1.565887743925074 -0.04610223070190474 -0.3983803410753404 -0.04610223070190474 -0.3358341224170767
1305031460.82766 -0.4790455181786499 0.3858813314674961 1.571424094000242 -0.03757160031956593 -0.3999950683331899 -0.03757160031956593 -0.3327294812501913
1305031460.859714 -0.476900907411702 0.4031646477786536 1.583461563924445 -0.03767624099122595 -0.4001278297459391 -0.03767624099122595 -0.324167729013963
1305031460.891774 -0.483692521083972 0.4062269785141604 1.584140912490933 -0.03296930238593752 -0.3962272280409057 -0.03296930238593752 -0.3217563276697504
1305031460.927562 -0.4941744662745444 0.4281433572818867 1.586622904748984 -0.02238297034646426 -0.3961195983098963 -0.02238297034646426 -0.3149151302115002
1305031460.991668 -0.5006334795914359 0.4445438846317205 1.586793122226243 -0.01804402430725966 -0.3956506973877105 -0.01804402430725966 -0.3101988855935334
1305031461.02762 -0.4987708739914156 0.471209216702042 1.589947725566893 -0.01541874173301244 -0.3987034762402346 -0.01541874173301244 -0.3074855969558048
1305031461.091728 -0.5140979576010051 0.5012510575868652 1.602076032972525 -0.005691709903921652 -0.4082302777235784 -0.005691709903921652 -0.3023902832319514
1305031461.127586 -0.6057588692960775 0.5227011010487622 1.576434548249416 0.02886892655993967 -0.4082394785203147 0.02886892655993967 -0.3231061171700517
1305031461.15972 -0.5818438248550136 0.5362648915929792 1.57668562177813 0.02158404390569858 -0.4061360853988206 0.02158404390569858 -0.3192632316212995
1305031461.192013 -0.5842941087694533 0.5194072436622715 1.562056577157485 0.01751521337411815 -0.3979760644091897 0.01751521337411815 -0.337073524347322
1305031461.227607 -0.5998473377875058 0.6158252994443217 1.58828633399371 0.04297287998551794 -0.3986303614841268 0.04297287998551794 -0.3050939165622413
1305031461.259642 -0.5990835175564703 0.5624444348722956 1.572213818401946 0.03094197124138194 -0.3924858745359558 0.03094197124138194 -0.3325194968909697
1305031461.291656 -0.5970364415147176 0.5791832535116707 1.572421262145319 0.03260961781928367 -0.3926603920406715 0.03260961781928367 -0.3336078211790531
1305031461.327751 -0.5936139090853517 0.5882896371892209 1.573098560926863 0.03401409751363432 -0.3875470575907815 0.03401409751363432 -0.3362439586639913
1305031461.359709 -0.5727745307379236 0.5047191915751317 1.551310319158266 0.01147538181205669 -0.3757351408040928 0.01147538181205669 -0.3711510420743235
1305031461.391708 -0.5470548798467775 0.4779012193178813 1.557188272954028 -0.005365132286538117 -0.3747210788855739 -0.005365132286538117 -0.3745701020802473
1305031461.427624 -0.5716156505495927 0.487441746303453 1.544153360956253 0.009062841090458842 -0.370543087719245 0.009062841090458842 -0.3758625035484288
1305031461.459781 -0.5435347728879352 0.4979142389387272 1.546683968629554 0.000420328444898727 -0.368947388785335 0.000420328444898727 -0.3708651163504075
1305031461.491677 -0.5953156819464414 0.4943704287879474 1.527400920569642 0.0224551312144823 -0.3688844360820732 0.0224551312144823 -0.3820353264317733
1305031461.527705 -0.6038929695998015 0.5197639480509042 1.520213122561882 0.03379675232408193 -0.3698064973619358 0.03379675232408193 -0.3786542548879368
1305031461.559677 -0.6744660719573256 0.7483036011268419 1.540116529026304 0.1118356060674704 -0.3956620136159948 0.1118356060674704 -0.3092425239010048
1305031461.59169 -0.5470869004204744 0.6248835829326981 1.563122421222023 0.03769242002147048 -0.393755703847515 0.03769242002147048 -0.3310499652029018
1305031461.627541 -0.4682586795150009 0.4511073888234063 1.524760114325942 -0.02204386794865082 -0.3766797010155708 -0.02204386794865082 -0.390079492004731
1305031461.659622 -0.4258721472632959 0.3619326318962361 1.511162608957309 -0.0503484241532824 -0.3728832634884579 -0.0503484241532824 -0.4093884763241109
1305031461.691563 -0.4221766314583702 0.3949365366313134 1.520917009767561 -0.0387107980405766 -0.3786384118785415 -0.0387107980405766 -0.3953272932901594
1305031461.727602 -0.4370666874379452 0.3757877540887682 1.51343822978862 -0.0342981411218732 -0.3825325296925096 -0.0342981411218732 -0.3991560791519789
1305031461.759684 -0.4715366978727455 0.5158003076994773 1.557469193127206 0.008285541609250435 -0.4009778499709932 0.008285541609250435 -0.3445529670725779
1305031461.791612 -0.3965507664035117 0.3300333072023927 1.492997207895738 -0.0572130117351508 -0.3919117654971246 -0.0572130117351508 -0.4023467652764627
1305031461.827615 -0.4339288697176819 0.4729536883098647 1.544039018489489 -0.007563320953529221 -0.4082008002275715 -0.007563320953529221 -0.3445815237714082
1305031461.859767 -0.4110396787262799 0.3469148873086254 1.491972585640442 -0.04008767443779078 -0.4082999096724944 -0.04008767443779078 -0.3875544116548407
1305031461.891723 -0.4370122196325197 0.3480759780184705 1.484815379819995 -0.02564972867862489 -0.4154739248141553 -0.02564972867862489 -0.3850786039387817
1305031461.927758 -0.4570284042523586 0.4109109597278601 1.513941245831301 0.006810738890347235 -0.4180651120950051 0.006810738890347235 -0.34712796338657
1305031461.959703 -0.35702388000042 0.2576897521428199 1.445872145360279 -0.07793576525898037 -0.4167441401074785 -0.07793576525898037 -0.3862867996449566
1305031461.99159 -0.3805500721210264 0.4012871859073095 1.499022043174129 -0.02241836080506418 -0.4324141922141462 -0.02241836080506418 -0.320552394497539
1305031462.027675 -0.3636940113191157 0.3700502517164588 1.485135147368976 -0.03268804211053263 -0.4316885261664416 -0.03268804211053263 -0.3200345124033668
1305031462.059837 -0.4067107111508402 0.3669665262132628 1.474341421553254 -0.02006630248676872 -0.450632401904629 -0.02006630248676872 -0.3168379267513575
1305031462.091777 -0.4014897480706398 0.3583786485775891 1.465341388374135 -0.03291507953131306 -0.4585568785904041 -0.03291507953131306 -0.3094987397986578
1305031462.127739 -0.3944735657314812 0.3521128925349259 1.454572630395356 -0.04435180584189501 -0.4630140558840042 -0.04435180584189501 -0.3024543299833683
1305031462.159646 -0.3665673303623449 0.3393848622237206 1.44582158741304 -0.06427441236958782 -0.4646004120998732 -0.06427441236958782 -0.2920148971697619
1305031462.191641 -0.3658152139669392 0.3288190151888257 1.434629266348344 -0.07113257325904296 -0.4693892124946167 -0.07113257325904296 -0.2895916344761805
1305031462.227633 -0.3416406740728726 0.3059452384911864 1.420900668872525 -0.08477323918310706 -0.4592728763726073 -0.08477323918310706 -0.2879277962272279
1305031462.259765 -0.3521712062159404 0.3033724348149152 1.424473809136797 -0.0787278761319677 -0.4596197663875868 -0.0787278761319677 -0.278779907722706
1305031462.291629 -0.3569418260001894 0.2889965168508001 1.411495829408648 -0.08182661551080667 -0.4570957263755957 -0.08182661551080667 -0.279865886948058
1305031462.32754 -0.3795241484562637 0.2745521001724475 1.395426177831234 -0.0766730687522602 -0.4514991427471328 -0.0766730687522602 -0.2868118248257459
1305031462.359732 -0.3783028907938785 0.2603651595504655 1.384811647636005 -0.08009017949773943 -0.4429876834368219 -0.08009017949773943 -0.2857846709975375
1305031462.391695 -0.3725423475643717 0.2546310460715814 1.383322369805202 -0.08336691552649748 -0.434044000459655 -0.08336691552649748 -0.2775875779921416
1305031462.427635 -0.3996956534700097 0.2498482200353567 1.388137934047893 -0.07513063691857723 -0.428750415121628 -0.07513063691857723 -0.2713233831815556
1305031462.459897 -0.4075402198350031 0.2430086522930429 1.382038526927217 -0.07729398478996805 -0.4185671709749185 -0.07729398478996805 -0.2662991181895001
1305031462.492008 -0.4134449024213582 0.2321886026933752 1.372101615562565 -0.08310169775491101 -0.4060007496315787 -0.08310169775491101 -0.264242925655327
1305031462.52767 -0.4188667693311881 0.2259592786027343 1.37218947814338 -0.08767519625990927 -0.3994837968526039 -0.08767519625990927 -0.2552617375347754
1305031462.559862 -0.4160192913516931 0.2181066004415494 1.359463538781067 -0.09759098584538008 -0.3848547882948206 -0.09759098584538008 -0.2545872117340639
1305031462.591862 -0.4122542149199502 0.2114543527327488 1.355183161450318 -0.1064132665450746 -0.3710717496635377 -0.1064132665450746 -0.2518446082947666
1305031462.627851 -0.4033705947362854 0.2062683948319105 1.349919419406562 -0.1129389751603368 -0.3601743000493705 -0.1129389751603368 -0.250944055607719
1305031462.65966 -0.3991493640342785 0.1995642447670356 1.348755951803832 -0.1151358376022148 -0.3492994862772986 -0.1151358376022148 -0.2505161180268088
1305031462.692548 -0.3954908339814782 0.1904731902426774 1.344902563291117 -0.1138999364395295 -0.3377178946580294 -0.1138999364395295 -0.2537336735342841
1305031462.727652 -0.3998329263137911 0.1827464868399988 1.344261243497617 -0.1109538966551292 -0.3286180989058777 -0.1109538966551292 -0.2591103808878448
1305031462.759782 -0.4060543721420263 0.1660469018357545 1.343429251059982 -0.1112507000972213 -0.3150886033773537 -0.1112507000972213 -0.2666535477355981
1305031462.791943 -0.3998887018749158 0.1452440539552962 1.338321485024582 -0.1167179477339897 -0.2971835641168837 -0.1167179477339897 -0.2734852582596988
1305031462.827816 -0.397582526891096 0.1318775828470041 1.336320555245712 -0.1191202639854044 -0.2869876212680065 -0.1191202639854044 -0.2760424884328121
1305031462.859782 -0.3965289253662836 0.1098463916837442 1.332573854185578 -0.1221243287691185 -0.2729127980464625 -0.1221243287691185 -0.2798298248543459
1305031462.891847 -0.3923895361591847 0.09239783954886327 1.327985368959505 -0.1229578559329928 -0.2634307004412389 -0.1229578559329928 -0.2807121613733651
1305031462.927607 -0.3788923047475471 0.082365964072315 1.32252151169778 -0.1245620514038126 -0.2588829866641272 -0.1245620514038126 -0.2794416701350423
1305031462.959676 -0.3691917850428169 0.07374916098448589 1.32331631871785 -0.1246143101279362 -0.258231112400744 -0.1246143101279362 -0.2767079582000872
1305031462.99555 -0.3617873485520516 0.06301562203942634 1.322025589501318 -0.1264927326827119 -0.2560069175069057 -0.1264927326827119 -0.2778259236291349
1305031463.027667 -0.3442096221546067 0.06028616518732523 1.32108787281961 -0.1321044109768974 -0.2521628768535024 -0.1321044109768974 -0.2788672340630542
1305031463.05981 -0.3257290601873624 0.05274703847747467 1.320223391040493 -0.1381678504130503 -0.2452414180345447 -0.1381678504130503 -0.2837720850733407
1305031463.095809 -0.317602813554309 0.02498929398887309 1.315884030409324 -0.1409083185890221 -0.2323411751984849 -0.1409083185890221 -0.295897474107858
1305031463.12755 -0.3080253180444845 0.0001408764930348402 1.308919455908803 -0.1430415837982724 -0.2200009294738739 -0.1430415837982724 -0.3065011943390547
1305031463.159787 -0.2888557853649847 -0.005466342664465201 1.307038526318036 -0.1454508297577968 -0.2108766581606026 -0.1454508297577968 -0.310614799281909
1305031463.195657 -0.2780922706117307 -0.01298902332775023 1.310202295639289 -0.1436690960511781 -0.2025056301727178 -0.1436690960511781 -0.3154454870803593
1305031463.227784 -0.2746408862401061 -0.04184861224468834 1.307236852766484 -0.1412145246254118 -0.1953105707025604 -0.1412145246254118 -0.3240585858940145
1305031463.260034 -0.2661111352026468 -0.05672210044490623 1.300233192470503 -0.1420892954504175 -0.1938284122929196 -0.1420892954504175 -0.3302822379802466
1305031463.295737 -0.2481594317494392 -0.04349530837663652 1.303974426273069 -0.1425256927192945 -0.1920687157322986 -0.1425256927192945 -0.3285088860802725
1305031463.327739 -0.2393893754953339 -0.06285484197448128 1.302143788820083 -0.1413005094378424 -0.1858696172095268 -0.1413005094378424 -0.3355967928623639
1305031463.35975 -0.2404763779034597 -0.0821358467019602 1.296954681102103 -0.1386899518131928 -0.1826877429827542 -0.1386899518131928 -0.3419528220712441
1305031463.39563 -0.217508158296315 -0.07370279644499421 1.290960730520615 -0.1461928078676673 -0.1780665283120296 -0.1461928078676673 -0.3443963650634312
1305031463.427716 -0.2046491964446505 -0.08485130927212237 1.289744060197967 -0.1501363777672859 -0.1721665676032316 -0.1501363777672859 -0.3492629970512963
1305031463.459756 -0.1969031128040538 -0.0980110377696235 1.289290946864515 -0.1485178361761313 -0.1677609776142344 -0.1485178361761313 -0.3510045671011719
1305031463.495629 -0.18227070536241 -0.1012270805659185 1.284751905142763 -0.1485429071456467 -0.1649188329399911 -0.1485429071456467 -0.3519569429676685
1305031463.52767 -0.1101647557073362 -0.1002862911124649 1.296332802579744 -0.1727051292979864 -0.1563925979368565 -0.1727051292979864 -0.3370974825896497
1305031463.559751 -0.05682685576991255 -0.08856884162767506 1.298775839321583 -0.1849983149070146 -0.1525392534032673 -0.1849983149070146 -0.3273210178479098
1305031463.5956 -0.04534622315232106 -0.08871000728818806 1.299904603571092 -0.1814965686727646 -0.1565237469050709 -0.1814965686727646 -0.3273387725532514
1305031463.627588 -0.07014690373917098 -0.1158874137139133 1.28461562628405 -0.1660417653316593 -0.1606353743329444 -0.1660417653316593 -0.3423802215775782
1305031463.659766 -0.04487098860759431 -0.1143749067535112 1.274456644757462 -0.1733248878505494 -0.1592749818922271 -0.1733248878505494 -0.3447286409070783
1305031463.69564 -0.03337998472229368 -0.09979372491129022 1.278102845037137 -0.1683770110855979 -0.1621705158564755 -0.1683770110855979 -0.3475640606116783
1305031463.727588 -0.001157595343266885 -0.1181540231615536 1.276550137979807 -0.1746268720136021 -0.1573714544232723 -0.1746268720136021 -0.352595703693004
1305031463.759674 0.01640778319809022 -0.1378416096596569 1.266312487943396 -0.1736487120169398 -0.1539610320408813 -0.1736487120169398 -0.3611176727194425
1305031463.795647 0.02324865348097679 -0.1209652056381801 1.278422268426397 -0.1615792933344229 -0.15416472089683 -0.1615792933344229 -0.3625191443769889
1305031463.827761 0.05154436317019941 -0.1277896531939729 1.280454564189298 -0.1623743743801022 -0.1490141208130402 -0.1623743743801022 -0.3698623688586203
1305031463.85991 0.05939599208778797 -0.1456393353690038 1.284055545820428 -0.1557907997090562 -0.1459743621067636 -0.1557907997090562 -0.3779822203242512
1305031463.895648 0.07645467297679996 -0.1435233971828468 1.289113035356764 -0.1525544333700124 -0.1429358659805415 -0.1525544333700124 -0.3827386042268245
1305031463.927664 0.09785222436863251 -0.144956259919165 1.301311712989094 -0.1472739032948845 -0.1340168727715122 -0.1472739032948845 -0.3867842081489459
1305031463.95968 0.1496154062176189 -0.1450103325573963 1.311437487077845 -0.15593017977336 -0.1123320934841542 -0.15593017977336 -0.386476254402944
1305031463.995821 0.153553074284118 -0.1499599987673221 1.319144338964974 -0.1534795160462601 -0.1100119866775156 -0.1534795160462601 -0.3918758803370695
1305031464.027703 0.1816229468375513 -0.138405303927324 1.335887007876038 -0.1567416087983649 -0.1012638824878044 -0.1567416087983649 -0.3912258322484793
1305031464.059652 0.1997978258276026 -0.1562938165034244 1.341295762359688 -0.1582792208783458 -0.09355735936032034 -0.1582792208783458 -0.3984551176928956
1305031464.095634 0.2230809424922251 -0.1587609101930381 1.350073022683369 -0.1573665201625286 -0.08494809937093342 -0.1573665201625286 -0.4023282171147284
1305031464.127681 0.246398722226214 -0.1501687308208203 1.362041697352383 -0.1544927135416608 -0.07604792760478653 -0.1544927135416608 -0.4059961595252618
1305031464.159817 0.2524595995027427 -0.1659767621247838 1.373687818182161 -0.151882298436302 -0.0733800237719572 -0.151882298436302 -0.4123826045121779
1305031464.195585 0.2475367188905044 -0.1614982888856565 1.390500996083307 -0.1499707835847025 -0.07623398076367721 -0.1499707835847025 -0.4153561783742401
1305031464.227624 0.2416473281685509 -0.1598202555463348 1.415049295251838 -0.1504167051344433 -0.07237210204901783 -0.1504167051344433 -0.4204388339915894
1305031464.259644 0.2362575859594736 -0.177054397784556 1.430515924066908 -0.1531887050154031 -0.06845366598915256 -0.1531887050154031 -0.4313331455536827
1305031464.295667 0.1433350190523991 -0.2614381920857456 1.426314020119218 -0.1284129199918158 -0.06209949635413577 -0.1284129199918158 -0.4606556297831133
1305031464.327866 0.1698425046516013 -0.261070357654069 1.434599399092914 -0.1439815844470303 -0.05045782291996965 -0.1439815844470303 -0.4625139967827479
1305031464.359684 0.1459256974381001 -0.3036251434943231 1.435468272737865 -0.1523279553365122 -0.05410677436801116 -0.1523279553365122 -0.46615262211378
1305031464.395611 0.1776681932338289 -0.2755792781567058 1.445911992852889 -0.1645148620532224 -0.0542086792064999 -0.1645148620532224 -0.4640283629204813
1305031464.427634 0.2443842805223577 -0.275984075754801 1.414498824674898 -0.184606647307533 -0.03447807221887302 -0.184606647307533 -0.4755129480770944
1305031464.459689 0.3113495258306199 -0.2435637594770129 1.45516574622794 -0.1962352330132327 -0.02803901170135075 -0.1962352330132327 -0.4603565967860331
1305031464.495633 0.3192986443519665 -0.2532138542413875 1.443381766082112 -0.1962278890499944 -0.02331024997386931 -0.1962278890499944 -0.4693259803107612
1305031464.527574 0.3406514185029408 -0.264392668682636 1.451701688483054 -0.1941592681350907 -0.01652311917103258 -0.1941592681350907 -0.4727023267959439
1305031464.559703 0.3871799502652714 -0.2158050561867607 1.490919380190432 -0.2018727901672518 0.003625363741935454 -0.2018727901672518 -0.4609446415301654
1305031464.595698 0.3527878574491629 -0.2592608680230616 1.511892432481033 -0.1794982594689967 0.01019891131528868 -0.1794982594689967 -0.4669665877620223
1305031464.627672 0.4559716371768207 -0.1849553358191445 1.498577002609551 -0.1864271002667426 0.0289339082494272 -0.1864271002667426 -0.468904829750814
1305031464.659749 0.5806810738763832 -0.1714970825709492 1.474273724057205 -0.2006661911918396 0.03654871176970197 -0.2006661911918396 -0.4802079539761138
1305031464.695663 0.5650287229400417 -0.1958797676244601 1.49126434259042 -0.1838090064262234 0.02982179776940519 -0.1838090064262234 -0.4920356362869374
1305031464.727652 0.4993949075842721 -0.2329126011656077 1.446576917228639 0.1422879504391889 -0.03506377358704055 0.1422879504391889 0.5314797128539459
1305031464.75974 0.3638989627591415 -0.2329940213375273 1.477630183418928 0.09042542396731496 -0.0312926029148004 0.09042542396731496 0.5485011623551282
1305031464.796021 0.3331524721576684 -0.2776091378938481 1.472529548506977 0.06900558457785538 -0.04318552336090337 0.06900558457785538 0.5715686177992615
1305031464.827759 0.3663255037574295 -0.3174859597691581 1.459751515176461 0.07195849332490863 -0.06376224085989281 0.07195849332490863 0.5842180578857858
1305031464.859654 0.3645423147477472 -0.3282002339183765 1.465254897259253 0.0721552606809978 -0.07708068249375644 0.0721552606809978 0.5940633458575008
1305031464.895817 0.2160133164251998 -0.4199763279926272 1.484350336080446 0.03710960017427305 -0.0840118768024011 0.03710960017427305 0.603765618536539
1305031464.927799 0.2367787223935034 -0.4406501517711729 1.496977119365302 0.04860249219968886 -0.1074789833290417 0.04860249219968886 0.6019298720537859
1305031464.959763 0.2001438189377055 -0.4162744762625101 1.525064189854632 0.02149766889372007 -0.1435657660583898 0.02149766889372007 0.5961219581111352
1305031464.995687 0.2420926448005132 -0.3650401811954173 1.532652113245145 0.02929570174700939 -0.1623464877506371 0.02929570174700939 0.5959966710325999
1305031465.027823 0.2736194664187539 -0.3304414344577452 1.525473472608891 0.03242216936053917 -0.1751681912988645 0.03242216936053917 0.6010891986804888
1305031465.059749 0.4490305723515656 -0.2878274501529221 1.557352625553021 0.06091097913867088 -0.2034239324862022 0.06091097913867088 0.596576766708894
1305031465.0957 0.1642686844439856 -0.3297124132386773 1.584050248264332 -0.02389939006307681 -0.2204245878563754 -0.02389939006307681 0.6000989797198586
1305031465.127664 0.1466636792595222 -0.3981756492548129 1.510016461460571 -0.02447021377386704 -0.217349828852489 -0.02447021377386704 0.6112934572427602
1305031465.159842 0.5093573282947513 -0.3560708158118993 1.52505589253219 0.06014528500073382 -0.2596092008705019 0.06014528500073382 0.5945660519853959
1305031465.195564 0.4942678719403846 -0.3357568510250866 1.52152238566039 0.05749405652150671 -0.2715731650783322 0.05749405652150671 0.5775521706071814
1305031465.227907 0.4940326985753229 -0.2830966566542014 1.496864270212575 0.06369462040664943 -0.2879389996643942 0.06369462040664943 0.5669366445303218
1305031465.259807 0.4831568259364978 -0.2513644518547534 1.492417201850696 0.06378826980532221 -0.2994576945704338 0.06378826980532221 0.5540588738859626
1305031465.295623 0.4447175800450494 -0.2271758661542767 1.474385184833221 0.05678389230802762 -0.3085039359426983 0.05678389230802762 0.5446818979436197
1305031465.327674 0.3056359619974208 -0.1679439735534097 1.501909937080623 0.03712555395518093 -0.3015717945508753 0.03712555395518093 0.5217777009374549
1305031465.359948 0.3402910024944798 -0.1820642993028799 1.462349467902491 0.05990033511337168 -0.2977585373310336 0.05990033511337168 0.5216328207128126
1305031465.395586 0.2345534926074634 -0.1887627719043339 1.463426831945713 0.03977654958189133 -0.2912843318481259 0.03977654958189133 0.5094191340225189
1305031465.427697 0.21012176181402 -0.1986086493677497 1.431381726136785 0.04239918882618204 -0.2930660532510528 0.04239918882618204 0.5138158256660902
1305031465.460125 0.23201691071263 -0.195412903590466 1.414591735164876 0.05828693579067666 -0.2923727475089253 0.05828693579067666 0.5138065197743545
1305031465.495703 0.3273799830346862 -0.115398700525056 1.430916398101762 -0.1163698264862064 0.2803689496948445 -0.1163698264862064 -0.4963312170652038
1305031465.527622 0.3758947498636134 -0.1146170116440252 1.413311686651078 -0.1373841810846964 0.2829957532109377 -0.1373841810846964 -0.495491012056196
1305031465.559812 0.423401744642928 -0.1098903939572166 1.365593104999327 0.1561592064117723 -0.2866339246197865 0.1561592064117723 0.5027229579541816
1305031465.595599 0.4636682882877021 -0.08033133963141692 1.336531636601688 0.1801268509044504 -0.286337781715123 0.1801268509044504 0.5054135906895727
1305031465.627688 0.5093637578866279 -0.07881952144816559 1.317363116787317 0.194719879434342 -0.2897957408936094 0.194719879434342 0.511845243552012
1305031465.66006 0.5525820938235905 -0.08369731866675631 1.287267559781074 0.2118096322896354 -0.2813327477208278 0.2118096322896354 0.5175618119713626
1305031465.695668 0.5333699653189323 -0.0710540840975334 1.30816463571946 0.2141205744159786 -0.2754582200086204 0.2141205744159786 0.507634873572311
1305031465.727682 0.5832580032626911 -0.03057787139632979 1.315483213159228 -0.2388023379625687 0.2689058279639417 -0.2388023379625687 -0.4954289107217431
1305031465.759766 0.6220673077340145 -0.03344827688553752 1.274501188809847 0.2515876746906189 -0.2702697528403535 0.2515876746906189 0.5076785359362486
1305031465.795937 0.6419790285590785 -0.02589974957154996 1.284282726324234 0.2556594161701971 -0.2691160241727294 0.2556594161701971 0.5030824253871222
1305031465.827996 0.6885630148587416 -0.02939845128525427 1.254043952408582 0.2679305416918093 -0.2651911735966642 0.2679305416918093 0.5094056483424875
1305031465.859861 0.6880525834812217 -0.01580065342910807 1.232356044933477 0.2715322498977781 -0.2600220757346407 0.2715322498977781 0.5165184273227854
1305031465.895494 0.7165873346746878 0.01089693837574183 1.247037189637511 0.2820016666554085 -0.2529569080754402 0.2820016666554085 0.5102099953703906
1305031465.927495 0.7165873346746878 0.01089693837574183 1.247037189637511 0.2820016666554085 -0.2529569080754402 0.2820016666554085 0.5102099953703906
1305031465.95971 0.7308689717942244 0.1154408341902898 1.249602134796852 -0.3005067257261212 0.244176212560446 -0.3005067257261212 -0.494533030005983
1305031465.995753 0.7379340766444997 0.106344119391677 1.225718234250583 0.290982363513301 -0.2385166724331298 0.290982363513301 0.5102243389461852
1305031466.027644 0.7748827482663654 0.08404400284327751 1.214495557501672 0.2827815515639272 -0.2358112005214594 0.2827815515639272 0.5201289564379918
1305031466.059757 0.8103121602902624 0.08467630764381774 1.197492204677502 0.2838209467631089 -0.2353147681463128 0.2838209467631089 0.5234117785096337
1305031466.09584 0.8411901145451951 0.02892592143047496 1.181849699470471 0.2719991449274697 -0.2343701610871266 0.2719991449274697 0.5290976269779026
1305031466.12764 0.877666866005318 0.01271195438910104 1.171285148720309 0.273374478339407 -0.2341389403717324 0.273374478339407 0.5244266281110521
1305031466.160428 0.8974571411604259 -0.0003792164403016423 1.157138421778349 0.2727747055647929 -0.2389877818766625 0.2727747055647929 0.521456969506106
1305031466.195833 0.9043004210532842 -0.006937112333976656 1.137882986917539 0.2749736532112367 -0.2406444778613428 0.2749736532112367 0.5178434622734444
1305031466.227951 0.923955151564435 -0.01139788816950935 1.129894168599015 0.2808339461916458 -0.245905045124627 0.2808339461916458 0.5089083799838583
1305031466.259815 0.9526099484343078 -0.01803654072303186 1.108023040801309 0.2833766290151885 -0.2634264073972711 0.2833766290151885 0.505534217365466
1305031466.295737 0.9392575679360485 -0.01889862972095822 1.12962816687819 0.2631676884053988 -0.278273067567577 0.2631676884053988 0.5024626984749853
1305031466.327702 1.006433605594793 0.1851716304842404 1.223454087408764 -0.326366603483019 0.2574902431916483 -0.326366603483019 -0.4209298746167294
1305031466.359829 1.052068782485737 0.1616294416454396 1.211349991897626 -0.3157953763002804 0.2602314455726317 -0.3157953763002804 -0.4299411665102459
1305031466.395784 1.094823294323521 0.1332655705483805 1.204600686234039 -0.3023048821586301 0.2638341452080093 -0.3023048821586301 -0.4352398082557457
1305031466.427819 1.065210676789156 0.1278532276120819 1.2055610979092 -0.2871867054285613 0.2622303276948843 -0.2871867054285613 -0.4400639721262072
1305031466.45979 1.027669954539575 0.06010678576357917 1.14499047311998 -0.2711377316145605 0.2588996312112147 -0.2711377316145605 -0.4769105742659631
1305031466.495809 1.08610375032694 0.02868084333217284 1.1133006060909 -0.2777904389175118 0.2648574222074477 -0.2777904389175118 -0.4868342909268329
1305031466.527538 1.111826368654872 0.01028560330557872 1.108650573399694 -0.2764099979640696 0.2675541352056982 -0.2764099979640696 -0.4859846853952229
1305031466.560353 1.133550807790697 0.09201738207185607 1.157228778107237 -0.2906266527051444 0.2642303828942691 -0.2906266527051444 -0.4539311234365709
1305031466.595936 1.15765024882008 0.1043830453351121 1.160133889563716 -0.2918274324612506 0.2611786783296719 -0.2918274324612506 -0.447924147299189
1305031466.627549 1.183293080750725 0.08079540996566685 1.144403447016719 -0.2837605734824101 0.2653907865263723 -0.2837605734824101 -0.4498013725329036
1305031466.659688 1.19106160028459 0.08847314314866923 1.125504072681799 -0.2796347752765299 0.2618322662753882 -0.2796347752765299 -0.4484437510298324
1305031466.695822 1.171928446087573 0.1830805849519495 1.156617006889609 -0.2893559627269058 0.2607012104507144 -0.2893559627269058 -0.4239928254397687
1305031466.728074 1.233642099261815 0.1528053072527256 1.126590180215815 -0.2883089319078136 0.2696755830814626 -0.2883089319078136 -0.4386066240264607
1305031466.759637 1.242478606838971 0.1306621602588658 1.1171918625901 -0.2800099982407839 0.2753067271420314 -0.2800099982407839 -0.440826413132722
1305031466.795604 1.231683755690917 0.167728572424938 1.107127834621875 -0.2787832942154417 0.2825114359844136 -0.2787832942154417 -0.4409702882716901
1305031466.827879 1.224867058441546 0.1879711530681181 1.120665155404701 -0.2802790691348552 0.2817950655280058 -0.2802790691348552 -0.4351246501080908
1305031466.859665 1.264831177863968 0.1365127505570245 1.090383133749507 -0.2790909356219175 0.2824473573477284 -0.2790909356219175 -0.450646035924631
1305031466.895694 1.229844297214471 0.1287767493262506 1.108817723776105 -0.2675931802853798 0.2819372135983455 -0.2675931802853798 -0.4468592199580205
1305031466.927756 1.201536442723391 0.1531382975353625 1.139309714886086 -0.2666793712633508 0.2877095494874429 -0.2666793712633508 -0.4349214581501249
1305031466.959728 1.234580524431063 0.1080160633374458 1.107196134994865 -0.2735330563982528 0.2928477746999988 -0.2735330563982528 -0.4524134380028287
1305031466.995712 1.26890589078521 0.1861622219176068 1.122888987500808 -0.2982600555724692 0.3074721876783964 -0.2982600555724692 -0.4286767950426342
1305031467.027843 1.307989103177927 0.227328055528598 1.117975711728714 -0.3159718120957799 0.3125477815024806 -0.3159718120957799 -0.4182005340181628
1305031467.0597 1.331927201546462 0.2356693651626933 1.112188162001214 -0.3202863905827015 0.3180767177790365 -0.3202863905827015 -0.4185273037351289
1305031467.095687 1.352451456765187 0.2480944332152859 1.110998699679504 -0.3226134881747685 0.323241919496084 -0.3226134881747685 -0.4170685083186784
1305031467.128974 1.38966931054019 0.2518016575261127 1.098550686186851 -0.3267210143787584 0.3277293286570617 -0.3267210143787584 -0.4176293848669188
1305031467.15966 1.402295113295482 0.2682593399650092 1.093121626864533 -0.3268074854419748 0.3386516135904257 -0.3268074854419748 -0.4178034929914229
1305031467.195663 1.399665401444465 0.2639170512075714 1.095480668552096 -0.320271587353244 0.3456114882863149 -0.320271587353244 -0.4224351823517506
1305031467.227704 1.407919017483811 0.269984280317855 1.094454693701158 -0.3209214025095387 0.3511933502807993 -0.3209214025095387 -0.4231395679463623
1305031467.259694 1.413868838286401 0.2445317195478013 1.084173954461914 -0.3159511655489974 0.3564017607687502 -0.3159511655489974 -0.4339602968478968
1305031467.295846 1.419728375969584 0.2639771297623487 1.090600477416345 -0.3199467328366744 0.3630007818725023 -0.3199467328366744 -0.4293014190781604
1305031467.328008 1.434685340339198 0.2615750391747045 1.084889849603804 -0.3217018568619156 0.3693094213143882 -0.3217018568619156 -0.4334032047508166
1305031467.359654 1.453698930264972 0.2759767712513834 1.081261916706045 -0.3281714621785593 0.3759350934019679 -0.3281714621785593 -0.4316068263994395
1305031467.395756 1.475872391254842 0.2639099165888022 1.069826727446103 -0.3306863083851064 0.3789139265132541 -0.3306863083851064 -0.4336871474525379
1305031467.427783 1.496812216008018 0.2736011402895119 1.064593533837273 -0.3357033756332992 0.3874258633031602 -0.3357033756332992 -0.427401990384538
1305031467.459692 1.473031013878187 0.2872658480229598 1.094596671750834 -0.3295018862194696 0.3956575605993785 -0.3295018862194696 -0.4169581828580298
1305031467.496058 1.476240905391392 0.2830640120239171 1.10193796828679 -0.3274547310972438 0.3986095585808361 -0.3274547310972438 -0.415798404160068
1305031467.527663 1.533761533707276 0.2923877999410028 1.077285719988809 -0.3421517485931291 0.4048076113661028 -0.3421517485931291 -0.4131967554893081
1305031467.559763 1.56723147082237 0.3197161186659638 1.069608931704288 -0.3492670056787855 0.4132294775483328 -0.3492670056787855 -0.4048489022448943
1305031467.595989 1.534850566325982 0.3482398250054159 1.093033442860384 -0.3432152381010652 0.4205202353427925 -0.3432152381010652 -0.3959648571676573
1305031467.627532 1.542915708242088 0.3380107203243863 1.090502575472701 -0.3409906700838432 0.4181476754466141 -0.3409906700838432 -0.399213196549906
1305031467.659626 1.542844030360721 0.3628559937502671 1.102483040185809 -0.3439703458305828 0.4222590309365334 -0.3439703458305828 -0.3933634193627346
1305031467.695886 1.526546233651647 0.3757247793372523 1.145213009890605 -0.3406223482882515 0.4241407955337821 -0.3406223482882515 -0.3877577557626725
1305031467.727535 1.561755687545294 0.4006227533194003 1.137696081054287 -0.3513075720805687 0.4272390663985209 -0.3513075720805687 -0.3870456716649097
1305031467.759907 1.5688017316881 0.4368938603152801 1.164183808958647 -0.3528903203417155 0.435153279411043 -0.3528903203417155 -0.3797944827573922
1305031467.796075 1.539956093230278 0.4385787735482358 1.18956031562093 -0.3439192231122317 0.4378121807409625 -0.3439192231122317 -0.3824179822304619
1305031467.8278 1.562429199840297 0.4393511491498355 1.170586509889495 -0.3487921530100504 0.4381580809032533 -0.3487921530100504 -0.3917867153059924
1305031467.859729 1.543348095508353 0.4577625875573108 1.205972876080498 -0.3445741267362258 0.4415719307847365 -0.3445741267362258 -0.3869801814424187
1305031467.895947 1.512846100704274 0.4521994892275633 1.230711711466484 -0.3378224170508287 0.4402130583462382 -0.3378224170508287 -0.391091896734401
1305031467.927754 1.525305377927897 0.4612410890140837 1.224590547892026 -0.3469858414049471 0.442557203428225 -0.3469858414049471 -0.3946967945100932
1305031467.959826 1.537583441377564 0.5001390918779401 1.217887812771352 -0.3606353878422909 0.4481450048949424 -0.3606353878422909 -0.3907582271374159
1305031467.995754 1.504996709669235 0.5314810813249725 1.243927679459217 -0.3605185887600537 0.4535266519865958 -0.3605185887600537 -0.3856030888638164
1305031468.028107 1.528459727041969 0.5662619686540064 1.23756036361674 -0.3683245013341359 0.4590955684103967 -0.3683245013341359 -0.385897757183088
1305031468.05985 1.598052724495366 0.6313662665196508 1.21012527453582 -0.3877579592296601 0.4653604917841958 -0.3877579592296601 -0.3799346994623179
1305031468.095867 1.546215133836991 0.6448337870457443 1.232805175088902 -0.3798560945856048 0.4696788655324805 -0.3798560945856048 -0.377826725781344
1305031468.127816 1.553257615904718 0.6507096894918257 1.226891526690936 -0.3816965094200742 0.4728479592197687 -0.3816965094200742 -0.3832172682297983
1305031468.159864 1.585554125700061 0.6747920047791589 1.195950918921507 -0.3925643240452759 0.4740098437115019 -0.3925643240452759 -0.3862947269014674
1305031468.195985 1.562134586920667 0.6711998865556786 1.193510924624403 -0.3878608377038795 0.4716323768745078 -0.3878608377038795 -0.3930628129165591
1305031468.228158 1.577113832762717 0.6939941379384884 1.187561128221158 -0.3899782527298202 0.4789226553627451 -0.3899782527298202 -0.3936999493850582
1305031468.259754 1.554748077660939 0.7074770085327016 1.205400850171528 -0.3832839619404792 0.479808403632384 -0.3832839619404792 -0.3916041634805334
1305031468.29583 1.541154973128657 0.7364168922623245 1.211647162209478 -0.3809781881659144 0.4815207203280682 -0.3809781881659144 -0.390685106962713
1305031468.327847 1.53799211316368 0.7834887348470427 1.226927473641036 -0.3829886087110918 0.4839437638703424 -0.3829886087110918 -0.3822872813331072
1305031468.359787 1.506101281573151 0.7994178070980779 1.231462221832973 -0.3793235610877413 0.4805782257240549 -0.3793235610877413 -0.3845079708149106
1305031468.39586 1.49069294073945 0.8153831557821141 1.235075157641012 -0.3790753058168069 0.4734286390467247 -0.3790753058168069 -0.387204674191949
1305031468.428025 1.536508875765836 0.8270453842238142 1.23590685864222 -0.3829541586938707 0.4690104268489061 -0.3829541586938707 -0.3874933422154301
1305031468.459759 1.523530259460368 0.8315831794432113 1.243647071413378 -0.3799367985434422 0.4685794303390473 -0.3799367985434422 -0.3854569300388577
1305031468.495809 1.490699020592755 0.8429674508725969 1.261018154810084 -0.3751204125624773 0.4702684439856394 -0.3751204125624773 -0.3838316303734007
1305031468.527756 1.511280626639501 0.8624948868282365 1.267676964665382 -0.3777164405244595 0.4695109997097174 -0.3777164405244595 -0.3804140514496176
1305031468.559739 1.496240014852638 0.8693980627783592 1.278109444664435 -0.3727272283488762 0.4718317668449488 -0.3727272283488762 -0.3825812505746151
1305031468.595768 1.412833771793547 0.8675594393207328 1.339102372941539 -0.3500621717526253 0.4893271106962708 -0.3500621717526253 -0.3850281431741642
1305031468.627626 1.430150612960211 0.8472310793262163 1.3291670128228 -0.3481197918397172 0.4886857464928779 -0.3481197918397172 -0.39952909406685
1305031468.659579 1.499928610748154 0.6795687494500945 1.235429283963294 -0.3358462492431535 0.4613044364257614 -0.3358462492431535 -0.4561315485830308
1305031468.695835 1.465411056818711 0.6763347931547458 1.25408476628491 -0.3305279458174916 0.467910935005896 -0.3305279458174916 -0.4561356874334775
1305031468.727785 1.374394410200669 0.7928325054371873 1.365403413438373 -0.3263345270565121 0.5149500323610418 -0.3263345270565121 -0.4203185573260285
1305031468.759628 1.38360388157145 0.8126013659504043 1.351406016259937 -0.3420214846223218 0.5131511998501694 -0.3420214846223218 -0.4223971287452647
1305031468.795796 1.386224077479272 0.789093373984261 1.386165972964942 -0.3357037240409887 0.5164416880984898 -0.3357037240409887 -0.4251965858995313
1305031468.829247 1.392831467078315 0.7720707302172933 1.379422567195331 -0.3368108733272391 0.5146785097998079 -0.3368108733272391 -0.4356380087639306
1305031468.859659 1.384167370181291 0.7459686436972793 1.386843140716761 -0.3309801936169107 0.5164593688134768 -0.3309801936169107 -0.4496045187863446
1305031468.895873 1.427712661955029 0.7279142006588173 1.408567507705952 -0.3261821068923907 0.5182001243487461 -0.3261821068923907 -0.4575154080983452
1305031468.928141 1.447436258878249 0.7421190654348905 1.411612123953575 -0.3264635933678597 0.51653282184381 -0.3264635933678597 -0.4569758768099098
1305031468.959594 1.43600749738481 0.7577362228426604 1.425951655179285 -0.3227119899277391 0.5153220396016709 -0.3227119899277391 -0.4526029575693163
1305031468.995711 1.440581819615563 0.761048847828746 1.444082449184924 -0.3169619483686416 0.5131399233634448 -0.3169619483686416 -0.4474517659826744
1305031469.027699 1.526513669446231 0.7115866864224809 1.442994455709196 -0.3065558185265318 0.5144937091179514 -0.3065558185265318 -0.449713087988877
1305031469.059832 1.514969127968286 0.7220073877300099 1.448410385493773 -0.2988324317616751 0.5216614618536981 -0.2988324317616751 -0.4328491614810273
1305031469.095723 1.472834274717309 0.710569782402897 1.452778398202323 -0.282695823130974 0.5280974442789363 -0.282695823130974 -0.4241382349168016
1305031469.127679 1.465932322048815 0.7277027369485999 1.454440822196417 -0.276112955895886 0.5393848036311605 -0.276112955895886 -0.413892466860606
1305031469.159703 1.579533710758381 0.8138597487303771 1.326587612878701 -0.3282350591822288 0.5181913060028641 -0.3282350591822288 -0.4078712754354977
1305031469.19554 1.563089876486587 0.8089496981234099 1.334925505369208 -0.3093908973896657 0.5248928082955792 -0.3093908973896657 -0.4057180361730646
1305031469.227754 1.535986403906252 0.8192174941873704 1.333898507342896 -0.2976271155874685 0.5260972880510323 -0.2976271155874685 -0.4023834281895722
1305031469.259586 1.511631622205185 0.8260480151502391 1.338437342894063 -0.2872322820674595 0.5324947204902102 -0.2872322820674595 -0.3994205259284482
1305031469.296754 1.499975140532389 0.8332095986770018 1.33307793819949 -0.2826392855285184 0.5356320614403459 -0.2826392855285184 -0.396010065140009
1305031469.327618 1.497494526726463 0.8416115714968812 1.330548616989689 -0.2777458556549945 0.5369726025107622 -0.2777458556549945 -0.3934468999988796
1305031469.359592 1.489666793223276 0.8511869626119946 1.324583159817824 -0.2747866061508599 0.5382659652235056 -0.2747866061508599 -0.3884744687178627
1305031469.395695 1.491758749570002 0.8573750746039505 1.301115910241835 -0.2707250765475867 0.5401900921681223 -0.2707250765475867 -0.3902045390181741
1305031469.427651 1.47597861884935 0.8257323159208508 1.293543201261234 -0.2460550058523342 0.5410377193905028 -0.2460550058523342 -0.4057550315165062
1305031469.459668 1.464857430482702 0.8628441506589901 1.289806279668251 -0.2412611521283377 0.5468843381498518 -0.2412611521283377 -0.4015301852666907
1305031469.495744 1.460473738814126 0.8618610071822767 1.282559480573267 -0.2298745421015438 0.5469581015327637 -0.2298745421015438 -0.4048068797936166
1305031469.527622 1.442906239453192 0.8566731684319928 1.271608672191545 -0.220697631551484 0.5469056791102155 -0.220697631551484 -0.4073019400584469
1305031469.559645 1.421835875617202 0.8709129138985831 1.271467501344953 -0.2196854618860758 0.5504640811942531 -0.2196854618860758 -0.3955845234504345
1305031469.595755 1.428259559782846 0.8788094624456686 1.251058611526638 -0.2232854157921325 0.5517780405108927 -0.2232854157921325 -0.391676136549671
1305031469.627752 1.423192389738654 0.8845185745065977 1.242200797650015 -0.2221317946312578 0.5537050223521223 -0.2221317946312578 -0.3822581488717685
1305031469.65959 1.423306919772341 0.8809390840914658 1.217695565491471 -0.2200264517015504 0.5531447447755845 -0.2200264517015504 -0.3800442536735013
1305031469.695613 1.423648601479148 0.8799180865321362 1.196302441003932 -0.2172839658310872 0.5518347791901052 -0.2172839658310872 -0.3805603842010258
1305031469.727679 1.408631104154285 0.8788941488546951 1.186504929211917 -0.2106287112918317 0.5514682003499529 -0.2106287112918317 -0.3756287687532455
1305031469.759599 1.405008528278631 0.8817102961824702 1.170475286055209 -0.2076692879169696 0.5501298331335573 -0.2076692879169696 -0.3720900865398997
1305031469.795621 1.39420287344936 0.9003728776856417 1.151965938892548 -0.2109136569351373 0.5507112777993124 -0.2109136569351373 -0.3612614875396368
1305031469.827526 1.364142939716789 0.8999975731712214 1.156777299030719 -0.1997323372037056 0.5540427173840998 -0.1997323372037056 -0.3446671053234054
1305031469.859574 1.346290562727623 0.8939480049280537 1.146879133343031 -0.1965447425907276 0.5549768019941828 -0.1965447425907276 -0.33555265216904
1305031469.895755 1.331390302831695 0.8656495004951926 1.144740379784228 -0.1818581875765777 0.5555699813036915 -0.1818581875765777 -0.3335459146845736
1305031469.927854 1.32040773183307 0.8837386519900775 1.128723762509425 -0.1914095083924602 0.5603485542286689 -0.1914095083924602 -0.3174918329624272
1305031469.959805 1.308807557583737 0.8770908189908103 1.119058782285788 -0.1914745121377725 0.5602045789965371 -0.1914745121377725 -0.3083609622919157
1305031469.995551 1.299787471577226 0.8541844923814812 1.108355765259757 -0.1874528520358732 0.558955192347438 -0.1874528520358732 -0.3100232451064311
1305031470.027694 1.290262982455704 0.8497460264365466 1.097588214137782 -0.1897586204549585 0.5613761378832559 -0.1897586204549585 -0.3035779283904942
1305031470.059638 1.271900988631693 0.813903827560966 1.09772184555101 -0.1729796055385048 0.5620574418244152 -0.1729796055385048 -0.3052718033513784
1305031470.095944 1.265114339442041 0.8046089483026837 1.087791628029265 -0.1732354707487223 0.5642166021315395 -0.1732354707487223 -0.3007449831451616
1305031470.127633 1.275028405147512 0.8357269189685267 1.06543771503113 -0.2010540547523803 0.569721138626832 -0.2010540547523803 -0.2851808517085549
1305031470.159626 1.26806778846137 0.8179915905875972 1.057510482827783 -0.1979645263224448 0.5689990519687338 -0.1979645263224448 -0.2814579400076585
1305031470.196092 1.263803912024213 0.7960360333656117 1.047229096493636 -0.197581217327877 0.5633078206511956 -0.197581217327877 -0.2802612852645606
1305031470.227618 1.270719568870325 0.7818838305773632 1.026791868866611 -0.2066361976643639 0.5600201517953279 -0.2066361976643639 -0.2860364397934365
1305031470.259965 1.264275181292135 0.7610864633543649 1.023854278880391 -0.2031353856502499 0.5596892691327151 -0.2031353856502499 -0.2815912565598817
1305031470.295718 1.259260063629653 0.7460151045884046 1.020664585104382 -0.2005936254742644 0.5543285168698678 -0.2005936254742644 -0.2750320748977451
1305031470.327644 1.257204149905039 0.7285791423332554 1.014596034767333 -0.1995647935425358 0.5506969467281446 -0.1995647935425358 -0.2691237974543619
1305031470.359624 1.251031831646136 0.7048516709904433 1.010670375967455 -0.1955552588647109 0.5454016241545373 -0.1955552588647109 -0.2615263713874902
1305031470.395823 1.244128441028265 0.6831224803952137 1.005977870743356 -0.1925985557018685 0.5427729190125035 -0.1925985557018685 -0.2578146907971854
1305031470.427641 1.237491016320639 0.659651470416902 1.001207344606853 -0.1907740239384073 0.5377247691790897 -0.1907740239384073 -0.2553511213032675
1305031470.459721 1.231577679099641 0.6387145781280303 0.9953347862248562 -0.1906052121801532 0.5303326833053055 -0.1906052121801532 -0.2552751627024896
1305031470.495686 1.224468180724396 0.6176055030381241 0.9901082432630423 -0.1899327072675105 0.5289006831185217 -0.1899327072675105 -0.2593796580803869
1305031470.527689 1.222107170984381 0.5985207641358093 0.9809975271050179 -0.1928794429878305 0.5261295152486153 -0.1928794429878305 -0.2667114944247453
1305031470.559677 1.223759048218425 0.5907746411536077 0.9743732699806384 -0.1992507738491596 0.5289742756274946 -0.1992507738491596 -0.2680092957487406
1305031470.59576 1.217829927402859 0.5802866907471187 0.9734688424611611 -0.1990463125257936 0.528976595653237 -0.1990463125257936 -0.265132849004827
1305031470.627729 1.210934209220228 0.5712999889338384 0.9714716507731225 -0.2005337001626456 0.5265118788223732 -0.2005337001626456 -0.2621671189040389
1305031470.65969 1.204505226771694 0.5658988429481574 0.9730801720754673 -0.2002481774464633 0.5246047174690388 -0.2002481774464633 -0.2550622061437555
1305031470.69563 1.198687466131794 0.5537205490196342 0.9697616113638786 -0.2012860745892233 0.5205505500072934 -0.2012860745892233 -0.2544101740212883
1305031470.727654 1.188809090278523 0.5398160447905812 0.9712841541118872 -0.1975410635665406 0.5182565163789528 -0.1975410635665406 -0.2510026568229201
1305031470.759682 1.176745116322613 0.52843506271192 0.9709374916602468 -0.1954904334159105 0.516130620668383 -0.1954904334159105 -0.2497372697229601
1305031470.795615 1.181341225286908 0.5274546409537456 0.9639608572803916 -0.2042766402481216 0.5139285691490731 -0.2042766402481216 -0.250911533876594
1305031470.827831 1.177443230975834 0.5202727913830596 0.9636987659719307 -0.2017113320626758 0.5097624491208486 -0.2017113320626758 -0.2488661022436503
1305031470.859645 1.156120348307936 0.5081084084832763 0.970178092518013 -0.1924417575035408 0.5046739515780778 -0.1924417575035408 -0.2468672467103598
1305031470.895722 1.14866494226604 0.4876620341026433 0.9695256235503736 -0.1911781477579213 0.490410421304097 -0.1911781477579213 -0.2548607092682502
1305031470.927684 1.134089733375013 0.4745731659039926 0.9749327194753249 -0.1898144712512087 0.4826432389011566 -0.1898144712512087 -0.2562098704989002
1305031470.959647 1.129777501267563 0.4559110382602449 0.9727289094465447 -0.1913391569785925 0.4772979213817767 -0.1913391569785925 -0.2672075177476352
1305031470.995996 1.108778398577918 0.456528391107787 0.9859777387755159 -0.1919915407569033 0.474894387102006 -0.1919915407569033 -0.2612140875819186
1305031471.027644 1.110955275689585 0.4614599423776908 0.989870853789279 -0.2016546485581294 0.4764636251017708 -0.2016546485581294 -0.263308479077956
1305031471.059636 1.107852759467274 0.4593061063733497 0.9933067482352906 -0.2069263533920046 0.4732669186611644 -0.2069263533920046 -0.270119581165858
1305031471.095777 1.100981000498795 0.4534527054569584 0.9990304582018557 -0.2083257082321999 0.4685252508170979 -0.2083257082321999 -0.2772061183879976
1305031471.127663 1.098961483791551 0.4404204453014744 1.000424054751052 -0.2111451149742618 0.4632377304388504 -0.2111451149742618 -0.2862587480771147
1305031471.159649 1.096067872068588 0.4370045739659476 1.006338013822151 -0.2164417243752693 0.4577351754611521 -0.2164417243752693 -0.2886669889186295
1305031471.195703 1.094377614356687 0.4366655450660062 1.011417962573061 -0.2226095380997807 0.4512881970040242 -0.2226095380997807 -0.2905913045124892
1305031471.227569 1.093309694897702 0.4465233332426106 1.019987607056777 -0.2288560519132212 0.4488002064917412 -0.2288560519132212 -0.2824125969076567
1305031471.259722 1.092505016114783 0.4487592544791395 1.025254320129726 -0.229053543164025 0.4453825654830902 -0.229053543164025 -0.2786387715796771
1305031471.296068 1.08865717431103 0.4463080693966447 1.027392664991943 -0.2297285588195047 0.4422962368889189 -0.2297285588195047 -0.2775988158369523
1305031471.327642 1.082946163889281 0.439270638766313 1.028725184254969 -0.2270018445088365 0.4376719978306933 -0.2270018445088365 -0.2812950187141806
1305031471.359615 1.076994109082019 0.4322260738772472 1.030827832032664 -0.2228126778576997 0.4325246571927303 -0.2228126778576997 -0.2880870972122032
1305031471.39573 1.085562335909266 0.4402749064175969 1.032271787405497 -0.2274791008421848 0.4303337140949065 -0.2274791008421848 -0.2859327914033615
1305031471.427704 1.073489250982859 0.4308312465337756 1.037273199812314 -0.2171886970998593 0.4228224314290842 -0.2171886970998593 -0.2888337984504718
1305031471.459647 1.06919281782218 0.4210320314490451 1.037750253457991 -0.2184198600866131 0.414373465850655 -0.2184198600866131 -0.2955255745646408
1305031471.496491 1.07006109551238 0.4221254513025019 1.042970911750816 -0.2241934253362121 0.411378147442663 -0.2241934253362121 -0.2910853251682025
1305031471.527624 1.077763394814246 0.4048222618175229 1.031421801310086 -0.2276001159177494 0.4061611975091411 -0.2276001159177494 -0.3048519941262899
1305031471.559671 1.063241141759326 0.4106887390979118 1.046378220166077 -0.2227749705074721 0.4006151372598586 -0.2227749705074721 -0.2920256978122677
1305031471.595702 1.069200784839055 0.4036215688987716 1.042208360748199 -0.2252537862575502 0.3983054009328191 -0.2252537862575502 -0.2977554142400698
1305031471.627621 1.062887209719941 0.3971495165913291 1.046248344110974 -0.2179522758121573 0.394327625723375 -0.2179522758121573 -0.2993044367703001
1305031471.659642 1.058048456581519 0.4012833681616083 1.05491110793493 -0.2136336374853709 0.3922820729249671 -0.2136336374853709 -0.2936130084720609
1305031471.695609 1.051552310494402 0.4022656909214308 1.06264971434952 -0.2078998580604754 0.3874510171581309 -0.2078998580604754 -0.2909217304551532
1305031471.727501 1.050547968944191 0.3974979597775705 1.066174776536315 -0.2053138524068626 0.3821728540340675 -0.2053138524068626 -0.2932390700116242
1305031471.759702 1.06733545147359 0.3801377592049068 1.052477870898006 -0.2098389756686227 0.3775795550301078 -0.2098389756686227 -0.3098734521512423
1305031471.795801 1.066755654104243 0.3758746756286583 1.052257310382636 -0.2067022038584678 0.3706360215334825 -0.2067022038584678 -0.3112730985479408
1305031471.827639 1.060158116819969 0.3902059028422696 1.067406949426278 -0.2032290006151389 0.3643384455766492 -0.2032290006151389 -0.2957748696654431
1305031471.859665 1.082431874571493 0.3686635883213403 1.04614282916482 -0.2113182478484351 0.3547462815224631 -0.2113182478484351 -0.3138585825711765
1305031471.895604 1.079105852673701 0.3642610738347066 1.045539209931977 -0.2075202892123459 0.3485992531097692 -0.2075202892123459 -0.3113242935483834
1305031471.927651 1.079235287838604 0.3708638972412579 1.050222053126251 -0.2078797315086581 0.3435452441027128 -0.2078797315086581 -0.3002137647967109
1305031471.959643 1.101031289630729 0.3596278311622864 1.02890687330475 -0.2171704328884443 0.3395993318683543 -0.2171704328884443 -0.3111793271959387
1305031471.995573 1.076141652426666 0.3407461176777763 1.031278308104635 -0.1908256538660656 0.3346954976760881 -0.1908256538660656 -0.3192619897469561
1305031472.027638 1.078293059446368 0.3421578774790258 1.032551557035701 -0.189132043919861 0.3310546093752587 -0.189132043919861 -0.3164144120370066
1305031472.059668 1.091709112001962 0.35880955830645 1.035355437568709 -0.1979236387835461 0.3333073993836475 -0.1979236387835461 -0.2998708842158817
1305031472.095601 1.071650454154568 0.3337502494849152 1.028861471236413 -0.1793725246975162 0.3232270951765368 -0.1793725246975162 -0.3098873989437849
1305031472.127594 1.062144761792503 0.3191798434200558 1.025664306724763 -0.1706002218085141 0.3130598177845788 -0.1706002218085141 -0.3159999205989136
1305031472.159645 1.071756316643376 0.3360290502332788 1.036961948668776 -0.1812194885875333 0.3121403240312139 -0.1812194885875333 -0.2939091940637962
1305031472.195682 1.058598440478274 0.306166368558977 1.020547242739146 -0.1697582530581774 0.303932185829335 -0.1697582530581774 -0.3122853244600655
1305031472.227626 1.033839516119633 0.2835452416860968 1.014012719525901 -0.1534697172250089 0.2921010989652292 -0.1534697172250089 -0.3277039881003756
1305031472.26384 1.033683323591689 0.2796159548598028 1.014378327062136 -0.1547117275068987 0.2892856030131593 -0.1547117275068987 -0.3300648961797497
1305031472.295671 1.032997805858231 0.2798473806643771 1.013375950468668 -0.1563870898204516 0.2884248278423573 -0.1563870898204516 -0.3334792494696669
1305031472.327678 1.022389544331799 0.2772239921090883 1.015581220552385 -0.1516936232263132 0.2807919019636446 -0.1516936232263132 -0.3391526601492286
1305031472.363577 1.024672108843222 0.2727386711144872 1.01607763913265 -0.150359132716656 0.2842790637223477 -0.150359132716656 -0.3460768670013923
1305031472.395599 1.02833236363001 0.2748069515215378 1.019646023505628 -0.1542143785402399 0.2844376411616422 -0.1542143785402399 -0.343151057959481
1305031472.427686 1.019610067864005 0.2619057249493202 1.014710670748692 -0.1483276808934024 0.2827755627848203 -0.1483276808934024 -0.3522656894249672
1305031472.463603 1.013978178971555 0.2601886923578055 1.016598884114835 -0.148072611048234 0.2835128020343188 -0.148072611048234 -0.3539160104496616
1305031472.495626 1.014973197838168 0.2670318715161116 1.022766872473649 -0.1511755100507454 0.2876467236704049 -0.1511755100507454 -0.3490331284569634
1305031472.527625 1.025207610749714 0.2809045880861046 1.029521909668168 -0.1586063742653123 0.2897643654015917 -0.1586063742653123 -0.3420233819079037
1305031472.563587 1.021809867485203 0.2805502815077178 1.031213407559011 -0.1546144983536467 0.2870784245078929 -0.1546144983536467 -0.3436977621380167
1305031472.595675 1.014170891510461 0.2768796074745373 1.033693680711087 -0.1515292569067049 0.2823119648358302 -0.1515292569067049 -0.3503950101167924
1305031472.627701 1.026375968813123 0.2836023525946522 1.036840307364917 -0.1605546179637362 0.2878724389674703 -0.1605546179637362 -0.3504403561590346
1305031472.663575 1.030668133332697 0.2889847336270744 1.039541802859158 -0.1652399324214842 0.2878789924902658 -0.1652399324214842 -0.3479820955405367
1305031472.695755 1.030602267504643 0.2933746725888264 1.041350705916842 -0.1663605023071706 0.2892762262664353 -0.1663605023071706 -0.3476256247472795
1305031472.727628 1.030715368445381 0.2969843382507739 1.043894862004754 -0.168204760711394 0.2890452226299761 -0.168204760711394 -0.3482243841100548
1305031472.763578 1.028946691831833 0.2982829856441974 1.04471025502751 -0.1682928007385962 0.2874925662351179 -0.1682928007385962 -0.3519583736585872
1305031472.79564 1.031650406746731 0.3018058965757254 1.046280711532901 -0.1697231060806451 0.2892081284802522 -0.1697231060806451 -0.3530320449737901
1305031472.827627 1.033803711599551 0.3110785395287307 1.048077457777392 -0.1734438119562121 0.290917276898224 -0.1734438119562121 -0.3533069948446603
1305031472.863598 1.028684230765548 0.3100812067484554 1.048204526664215 -0.1705785375994308 0.2880342293051828 -0.1705785375994308 -0.358618117326327
1305031472.895713 1.02654483102441 0.3066764713081188 1.047705452749687 -0.1693106783257055 0.286073469220583 -0.1693106783257055 -0.3626933270884648
1305031472.927685 1.029945517911226 0.3121337887795486 1.048655880768593 -0.1757470818273843 0.2842767778468859 -0.1757470818273843 -0.3598733585456795
1305031472.963756 1.04383771752513 0.3081111149266523 1.035942944094342 -0.1846682344956153 0.2855897599551831 -0.1846682344956153 -0.3682117977994918
1305031472.995704 1.034556732756683 0.3212036281557631 1.050506139389266 -0.1827387948100757 0.2848610923628311 -0.1827387948100757 -0.3548517132329552
1305031473.027638 1.044859292102538 0.3206764727168987 1.041571479533846 -0.1903904796365919 0.2853172649578948 -0.1903904796365919 -0.3585299573626732
1305031473.063684 1.052639738220359 0.3275063945640779 1.04047488218632 -0.1983683881898556 0.2864015865179714 -0.1983683881898556 -0.3553473376970113
1305031473.095695 1.046820959014815 0.3223374771205642 1.038843985530461 -0.193018573450103 0.28701450896024 -0.193018573450103 -0.3588401098674211
1305031473.127744 1.04216637876203 0.3254502365382967 1.041507258026925 -0.1880535761543497 0.2951562488298883 -0.1880535761543497 -0.3588179909370243
1305031473.16706 1.041069634002748 0.3263456927223248 1.040590227588816 -0.1862027294126363 0.2952540445110446 -0.1862027294126363 -0.3603552299529962
1305031473.196069 1.039824295089885 0.3315223514965215 1.044184079736192 -0.1875646058616792 0.2965307459431195 -0.1875646058616792 -0.357335308343167
