1305031453.39169 1.3112 0.8507 1.5186 -0.089797337548412 0.2361929969814578 -0.089797337548412 -0.3908884103304481
1305031453.423683 1.314051652047145 0.8433837125170428 1.522223193654974 -0.08619843521338981 0.2232216596198804 -0.08619843521338981 -0.3905525881962565
1305031453.459685 1.312369592722144 0.8325237732811953 1.527617621898672 -0.08099280349560474 0.2143440245345551 -0.08099280349560474 -0.3928521611498138
1305031453.491698 1.320307119533021 0.8218526474860374 1.539667876264395 -0.0778321256794865 0.2055706093370164 -0.0778321256794865 -0.3953170160339097
1305031453.523684 1.328671117633659 0.8102247857989263 1.547695274485887 -0.07583049819245198 0.1941620334419237 -0.07583049819245198 -0.3994943338724314
1305031453.559753 1.334342925725846 0.7970670445737281 1.552960141731136 -0.07582028509443307 0.1827069950059933 -0.07582028509443307 -0.4064104631622382
1305031453.59164 1.347808702420276 0.7876599793050379 1.561792962066238 -0.08123517813699284 0.1743622692733353 -0.08123517813699284 -0.4111415999904187
1305031453.627706 1.350186761413209 0.7703732787575839 1.564281395130976 -0.0800430539848333 0.1682204411806098 -0.0800430539848333 -0.4197260165890799
1305031453.6596 1.347923433191598 0.7533763715415666 1.569364349417158 -0.08086552925883127 0.1613594309539848 -0.08086552925883127 -0.4258537690858858
1305031453.691678 1.346424675515561 0.7350882137824515 1.579419851333307 -0.08286755789373472 0.1635563307665052 -0.08286755789373472 -0.4308744653228829
1305031453.727652 1.35764145472814 0.7187310390031528 1.573550418120362 -0.09077530778543724 0.1694823959677174 -0.09077530778543724 -0.4385316645828419
1305031453.759694 1.353197851187365 0.6988723528138761 1.572606876284603 -0.09308787917056031 0.1742247835765009 -0.09308787917056031 -0.4429580638731753
1305031453.791716 1.33679770980622 0.6882142913487349 1.559815553481108 -0.09518884047423792 0.1808186906800329 -0.09518884047423792 -0.4490322689280508
1305031453.827773 1.348232772693086 0.6699501021562108 1.566214812233949 -0.1037612568584724 0.1933043807125244 -0.1037612568584724 -0.4505172904819124
1305031453.859705 1.338567630459662 0.6516256998356645 1.570240360208965 -0.1065079010168635 0.2005956020039669 -0.1065079010168635 -0.4514055943012401
1305031453.89171 1.335328389937264 0.6442699426738384 1.568132717098485 -0.1170407064375153 0.2120289186112737 -0.1170407064375153 -0.4498125950199455
1305031453.927723 1.330254423605333 0.6305447626400129 1.560779236547237 -0.1308057055957458 0.2223650024623671 -0.1308057055957458 -0.447469143142763
1305031453.959641 1.320003823144659 0.6182786417736431 1.564852023183887 -0.1444111846113792 0.2326078463823482 -0.1444111846113792 -0.4400835341302776
1305031453.991624 1.333459003737132 0.6185254294958825 1.570041544465994 -0.1618679834287534 0.2496738094191286 -0.1618679834287534 -0.4310270633260032
1305031454.027662 1.336946485137614 0.6074324771211932 1.583934655383527 -0.1690158505978116 0.2658176654056726 -0.1690158505978116 -0.4245574674158177
1305031454.059654 1.324795873235976 0.5938563545948153 1.586242813503132 -0.1750172155144647 0.2776648300695283 -0.1750172155144647 -0.4245670973208208
1305031454.091651 1.322936424323369 0.5852412066702133 1.57894213991065 -0.182355876725405 0.2935809515117153 -0.182355876725405 -0.4245599862751145
1305031454.127701 1.318247534988783 0.5826095280013587 1.58410079182453 -0.1878510988085841 0.3118112187838175 -0.1878510988085841 -0.4202768993311776
1305031454.159672 1.309460976462602 0.5744665366247975 1.58615085034868 -0.195210568187076 0.328125398259532 -0.195210568187076 -0.4194235024144738
1305031454.191658 1.313349043072801 0.566954783531877 1.580162342116026 -0.209181534545423 0.3433033836291338 -0.209181534545423 -0.4173938389944637
1305031454.227671 1.308598459238259 0.5667497165147116 1.584546202696855 -0.2192753384018049 0.3635124731982654 -0.2192753384018049 -0.4091399961677102
1305031454.259627 1.294778588603901 0.562843887232972 1.578062013813987 -0.2297254836868319 0.3807280963491491 -0.2297254836868319 -0.4060509909075228
1305031454.291639 1.285027927918108 0.5496447800319207 1.566248546642225 -0.2349367625125486 0.3989204323651348 -0.2349367625125486 -0.4126924037085436
1305031454.327699 1.276475185262023 0.5406178924602748 1.556084811482897 -0.2368093585661357 0.408427361584741 -0.2368093585661357 -0.4097786323946567
1305031454.359636 1.268973468358526 0.5385662486911974 1.566758166405547 -0.2400646273085656 0.4220950137038831 -0.2400646273085656 -0.4041374082245508
1305031454.391677 1.26598833266082 0.5300890736585308 1.557143102928671 -0.2473730134700988 0.4355831644227839 -0.2473730134700988 -0.4086387133717378
1305031454.427465 1.261960717537669 0.5183501744699472 1.551296017807849 -0.2500378478092027 0.4430431927759712 -0.2500378478092027 -0.4077768889131444
1305031454.459913 1.255017903707719 0.5132583836191591 1.550600126357341 -0.2557915837177139 0.4602035744054785 -0.2557915837177139 -0.404870741030559
1305031454.491617 1.249543148577319 0.5053686968971415 1.529826891042366 -0.2604072684303431 0.4758862232710285 -0.2604072684303431 -0.4100916130910917
1305031454.5277 1.245912140450555 0.5001917905471311 1.531054093786168 -0.2576629387639421 0.4912871186130168 -0.2576629387639421 -0.4096755525368119
1305031454.559575 1.244948600601361 0.4934649126933843 1.523811882302486 -0.2572123166461424 0.5063596514619908 -0.2572123166461424 -0.4084223976152028
1305031454.591635 1.244457381481625 0.4850708133095339 1.516305409329498 -0.2566102637812317 0.5191747770051236 -0.2566102637812317 -0.4057979495043577
1305031454.62758 1.242390192289478 0.4736102087503689 1.515587787835002 -0.2566075196356379 0.5341761731054999 -0.2566075196356379 -0.4004555557915804
1305031454.659528 1.244081432567876 0.4740952918364487 1.512519157896811 -0.2641660617216963 0.5493325871574288 -0.2641660617216963 -0.3926132611358857
1305031454.691884 1.24981290296826 0.4705169592687092 1.502268077522484 -0.273032119296571 0.5587159002113176 -0.273032119296571 -0.3835888090258369
1305031454.727659 1.253495216365806 0.4674031181493949 1.504926920255406 -0.2806154746225833 0.5699237720529413 -0.2806154746225833 -0.37082756039739
1305031454.759732 1.257503468653099 0.4764545428237354 1.494140903077664 -0.2936538056461269 0.5780444576414258 -0.2936538056461269 -0.361450526038826
1305031454.791641 1.263707559898795 0.4840269299565937 1.489940188940704 -0.3021717329845909 0.5775328289958931 -0.3021717329845909 -0.3505981435075325
1305031454.82757 1.27259357082589 0.4810803797134949 1.48925571456268 -0.3055849060519027 0.573601402127691 -0.3055849060519027 -0.3456197591791779
1305031454.85962 1.28038724152023 0.4829205727499513 1.48119275054671 -0.3096168571887601 0.5696739416728125 -0.3096168571887601 -0.3399565758343899
1305031454.891764 1.282343172336276 0.480789977576662 1.472158222205709 -0.3092699115883817 0.5634731083323185 -0.3092699115883817 -0.3355745631333397
1305031454.927567 1.287816793147518 0.4738708756240432 1.470347744725782 -0.3049305968803669 0.5577171611225932 -0.3049305968803669 -0.3349113736648683
1305031454.959648 1.293868679966873 0.4642957518009911 1.468307752111909 -0.2994705969462575 0.5510934710942694 -0.2994705969462575 -0.3343127147708889
1305031454.991937 1.297055097980706 0.4567433767156903 1.464592301214911 -0.2960580127545192 0.5448093274590617 -0.2960580127545192 -0.3329730867609021
1305031455.027799 1.297414614895256 0.4415914155824405 1.463990646781084 -0.2920363572482431 0.5394110934421855 -0.2920363572482431 -0.333062083747255
1305031455.059636 1.299336742893526 0.4309423295880907 1.454583809715702 -0.2923405507524703 0.537870131470794 -0.2923405507524703 -0.3352534546430084
1305031455.0917 1.300661571711938 0.4246399728813982 1.454836766631417 -0.2898553352684363 0.535910510224584 -0.2898553352684363 -0.3339493697767242
1305031455.127695 1.299836567886382 0.4138337436420436 1.45361120992503 -0.2872717983394249 0.5335906902458966 -0.2872717983394249 -0.3367496688247465
1305031455.15972 1.303537409636507 0.3999331230999579 1.447613738975376 -0.2838539114500809 0.5307604535280013 -0.2838539114500809 -0.3412971556057863
1305031455.191655 1.301162173056866 0.3846058819386466 1.447743888460899 -0.2794360907698251 0.5267046462150345 -0.2794360907698251 -0.3423594009638323
1305031455.227581 1.296757021330918 0.3716846358377308 1.445668022472619 -0.2769682589381933 0.5215461191428085 -0.2769682589381933 -0.3402728538185652
1305031455.259631 1.291673603895979 0.359944982475489 1.442089116244338 -0.2764308712057065 0.5155856109019401 -0.2764308712057065 -0.3411053127837529
1305031455.291831 1.290909915504874 0.3479264282584891 1.433335615974025 -0.2754263997766874 0.5093395796831933 -0.2754263997766874 -0.3412600528032938
1305031455.327766 1.281075848006311 0.3339613298735943 1.434548901234731 -0.2698994725573528 0.501867787738024 -0.2698994725573528 -0.3359083577012659
1305031455.35963 1.276980353503244 0.3197646100707482 1.42945615150972 -0.2714947519327209 0.4916217341292692 -0.2714947519327209 -0.331572393176678
1305031455.391665 1.276029427654032 0.3126284355631055 1.422790563532404 -0.2720651442739427 0.4885097235670025 -0.2720651442739427 -0.3255700709220958
1305031455.427642 1.262287224929164 0.3094163896134162 1.427389634914886 -0.2652517444571856 0.4817344286557989 -0.2652517444571856 -0.3139512124321576
1305031455.459589 1.256459060409757 0.2999662162150791 1.428025368034864 -0.2631018209359056 0.4716448596334539 -0.2631018209359056 -0.3079270202089558
1305031455.491637 1.247358922399845 0.2862321482675435 1.434914368794987 -0.2608622870934957 0.4627366887868715 -0.2608622870934957 -0.3032603753531456
1305031455.52761 1.24025345447848 0.2698053500226893 1.434374960263114 -0.2602284519637724 0.4526999121052744 -0.2602284519637724 -0.3012348839262027
1305031455.559669 1.227316768842764 0.2571405183533263 1.44511339647305 -0.259278726816618 0.4401830904714123 -0.259278726816618 -0.2949959027610685
1305031455.591645 1.215743156725927 0.2394005487905951 1.451494215922781 -0.2634252916875633 0.4274739248183714 -0.2634252916875633 -0.2917699953413727
1305031455.627617 1.212766492021065 0.2312952410206126 1.463282642135066 -0.2713565436908531 0.4146858438937148 -0.2713565436908531 -0.2834549718826085
1305031455.659615 1.196807352900517 0.2228095902543643 1.463977248219771 -0.2745759910469309 0.4027695480147745 -0.2745759910469309 -0.2776285552009369
1305031455.691605 1.184352969264003 0.2038762826626978 1.473983843049771 -0.2733761712512918 0.3957144996310807 -0.2733761712512918 -0.2820688902743197
1305031455.727628 1.175423950043361 0.1844507407341115 1.483156793521353 -0.2706914387657213 0.3949833060256147 -0.2706914387657213 -0.2876187413434216
1305031455.759683 1.165138934926873 0.1692998982167535 1.492851010918824 -0.2651101114164139 0.3982293465957478 -0.2651101114164139 -0.2922311664210845
1305031455.791666 1.156678304636288 0.154730892714902 1.508572045638224 -0.257557987720581 0.3991280289321548 -0.257557987720581 -0.2951413932741936
1305031455.82759 1.144274355498963 0.1445957436565539 1.529118743434245 -0.2520177540862704 0.3957494263484019 -0.2520177540862704 -0.2956194273971774
1305031455.859526 1.135625981999488 0.1280151370665162 1.54644303940036 -0.2479602827969773 0.3933566263234106 -0.2479602827969773 -0.298644485246886
1305031455.891657 1.126242969770115 0.1187282827910508 1.5586027544563 -0.245422335985179 0.3944686391670831 -0.245422335985179 -0.2992872955432748
1305031455.927955 1.118581675742769 0.1117907560956115 1.569170958310739 -0.2436204942954475 0.3934797224502076 -0.2436204942954475 -0.2991910607264238
1305031455.959716 1.110607644659606 0.09959667170482894 1.579677707227417 -0.2395091796775571 0.3924600579169918 -0.2395091796775571 -0.3004719327946205
1305031455.991694 1.106866100240318 0.08592916687344793 1.583600164124277 -0.2360530613559959 0.3933366692976909 -0.2360530613559959 -0.3052985910746025
1305031456.02777 1.101722289137826 0.08767534640109631 1.592973691252506 -0.2324702504420361 0.3956275085090812 -0.2324702504420361 -0.3024157320337433
1305031456.059713 1.109224258530979 0.08506397079659771 1.592586189642437 -0.230833839396808 0.3942534949835109 -0.230833839396808 -0.2983876314550415
1305031456.091707 1.092528047387093 0.08264925907187266 1.609502174055376 -0.218115485352724 0.4013515307298373 -0.218115485352724 -0.2892046672309513
1305031456.127645 1.081189813923775 0.08370619604650348 1.624218833937167 -0.2103258877668878 0.4057152558644903 -0.2103258877668878 -0.282970006930765
1305031456.159731 1.07490006508034 0.0900289669190542 1.629897827707628 -0.2092156849464067 0.4068350507130261 -0.2092156849464067 -0.2802547229015737
1305031456.191658 1.067746869555261 0.101299648982806 1.637707047885341 -0.2069402490411959 0.4071606605261302 -0.2069402490411959 -0.2766911148130138
1305031456.227678 1.059107506260556 0.1094107411097376 1.644282419439306 -0.2044776150423389 0.4034837274247381 -0.2044776150423389 -0.280868524711605
1305031456.291675 1.05914441293142 0.09987228319754955 1.638376911439858 -0.1995157371402952 0.3970686554428939 -0.1995157371402952 -0.2901776095488074
1305031456.327718 1.020422205986269 0.09570325675446528 1.654512032893377 -0.1766671793409715 0.3836675389245689 -0.1766671793409715 -0.2951956786623411
1305031456.391619 1.009066064353074 0.09741381720949074 1.655392503949102 -0.1717853171653844 0.3738010114426438 -0.1717853171653844 -0.3008959457174329
1305031456.427662 0.9825057571849373 0.09058229802567135 1.658368755112106 -0.1523270292520313 0.3555164579638895 -0.1523270292520313 -0.3105995653874469
1305031456.491677 0.9634103775582989 0.08254655165312269 1.654732405728548 -0.1447716610658902 0.3441086398544344 -0.1447716610658902 -0.3206740726102328
1305031456.527641 0.9254396505975871 0.04234876195698251 1.647248858349599 -0.1326819634999618 0.328087239312302 -0.1326819634999618 -0.3229942339514415
1305031456.591651 0.9089678981740453 0.03533039909357422 1.636832320857114 -0.1334219307977663 0.3236496195379021 -0.1334219307977663 -0.3187815741671154
1305031456.627612 0.8892276222635295 0.04520976009077392 1.61882839149943 -0.137498553332548 0.3128474968571938 -0.137498553332548 -0.3142695829437983
1305031456.691612 0.873700591089824 0.03712150292094438 1.609059118357407 -0.1289601002501427 0.3063973039227468 -0.1289601002501427 -0.3041902096435515
1305031456.727693 0.8408387763952085 0.07090708710036087 1.611752186574747 -0.1286325077842266 0.2901911620341732 -0.1286325077842266 -0.2800088132336844
1305031456.791649 0.8279086713029382 0.05328451187155161 1.594158748898864 -0.128242268775797 0.2811159336700522 -0.128242268775797 -0.2802562217985316
1305031456.827603 0.7907389453549395 0.0644310207606047 1.599147940912965 -0.1410228378470363 0.2723188145845457 -0.1410228378470363 -0.2654885999282278
1305031456.891672 0.7867203119267221 0.05924798845938353 1.577926408157352 -0.1496707038565219 0.2653913024735335 -0.1496707038565219 -0.2644315623556373
1305031456.92769 0.7556761811534267 0.07223221721708639 1.568161942243269 -0.1483049628977988 0.2546756311470231 -0.1483049628977988 -0.248752991908668
1305031456.959667 0.7414703647555754 0.07022194890407608 1.562004457536792 -0.1460797139567981 0.2457670673757278 -0.1460797139567981 -0.2525802127096585
1305031456.991709 0.7337365509376182 0.05687798060527222 1.550099784766312 -0.1425356635680298 0.2383497275303288 -0.1425356635680298 -0.2536133682861663
1305031457.027648 0.7150785844814389 0.06033213413919507 1.548339574988727 -0.1350818698582985 0.2363544165170714 -0.1350818698582985 -0.2432564904632254
1305031457.091655 0.7049838923851115 0.062129727578594 1.548946269517997 -0.1328594506377183 0.2330018019280126 -0.1328594506377183 -0.2394372211685112
1305031457.127632 0.6833721356206132 0.04595232740570321 1.545735903828471 -0.1211398103837276 0.2220701822961596 -0.1211398103837276 -0.229838110601505
1305031457.191735 0.6699036123556432 0.05017311681702778 1.552300749509518 -0.1159546583715575 0.2164177934975374 -0.1159546583715575 -0.2237990190444768
1305031457.227543 0.6486778269892847 0.0308221942592098 1.561017137405614 -0.1047644206576895 0.19883825071279 -0.1047644206576895 -0.2285140914116141
1305031457.291656 0.634794706560346 0.02329221904278354 1.569514208409465 -0.09768090509004072 0.1908198882169067 -0.09768090509004072 -0.2246246931218365
1305031457.327548 0.6136210749853991 0.01237333498078549 1.596134216118409 -0.08870592829130704 0.1729156046070536 -0.08870592829130704 -0.232104473267132
1305031457.391684 0.6077192528690396 -0.005429754246187694 1.602514020455994 -0.08154932063584706 0.1655875228467516 -0.08154932063584706 -0.2393844629912825
1305031457.427641 0.5801098886056667 -0.02628904078152837 1.621035951956835 -0.06231445388681913 0.1437139545509198 -0.06231445388681913 -0.2501011795483833
1305031457.491705 0.5680392203643644 -0.0399445725184711 1.630310712613497 -0.05724824171356777 0.1330426429491189 -0.05724824171356777 -0.2543177955048513
1305031457.527638 0.5504821847221534 -0.05317218675612626 1.650324961954599 -0.05653070829689652 0.1254891666511569 -0.05653070829689652 -0.2556235656536776
1305031457.559685 0.5417537967167453 -0.05987106044855258 1.663570303393172 -0.05559250823368136 0.1203022884382385 -0.05559250823368136 -0.2592400443014007
1305031457.591678 0.5343428377230478 -0.06999268126861861 1.674520504459435 -0.05330428311104822 0.1157853791206197 -0.05330428311104822 -0.264075037239205
1305031457.627526 0.5233780582091857 -0.08323244039508507 1.680543142022087 -0.05066980233565893 0.1099391396101999 -0.05066980233565893 -0.2692766572491571
1305031457.659632 0.5106741066654151 -0.08330210532025138 1.695890762015767 -0.0493966480453281 0.106244774902641 -0.0493966480453281 -0.266885406627397
1305031457.69157 0.498519547391622 -0.09550925146697221 1.700998728990144 -0.04809577197252537 0.1012641677636985 -0.04809577197252537 -0.2714633233160809
1305031457.727669 0.4824068755817444 -0.1046303457331473 1.710442992761569 -0.04629874752445545 0.09707437726889144 -0.04629874752445545 -0.2667362722143322
1305031457.759556 0.469018138911412 -0.09699341057551296 1.729129173897378 -0.04440958801751506 0.09838051627805955 -0.04440958801751506 -0.2617532346730698
1305031457.791567 0.4619814119260774 -0.1016486588587624 1.73896915551176 -0.04418584675094499 0.09857184641115842 -0.04418584675094499 -0.2658817529410794
1305031457.827699 0.4606713183315727 -0.08098005025397748 1.759343245885942 -0.04628095882122747 0.09656049839008016 -0.04628095882122747 -0.2656304532410522
1305031457.859623 0.4581145709887334 -0.09821896279251428 1.754996525084137 -0.0445183148574313 0.09121373592650067 -0.0445183148574313 -0.2817823085504916
1305031457.891593 0.4460659341134819 -0.1045431159241167 1.763687039283535 -0.036918636248974 0.08830904673751204 -0.036918636248974 -0.2863574840130958
1305031457.927633 0.4311461760666311 -0.114716619909065 1.771233244475315 -0.03253534756856263 0.08064597603695832 -0.03253534756856263 -0.2991472599288876
1305031457.991644 0.4170050168979218 -0.1351161261516874 1.767626688119835 -0.03251423654694494 0.07108082614326308 -0.03251423654694494 -0.3177251862263179
1305031458.027845 0.3853833840577641 -0.1394735748678999 1.780561675533835 -0.03247562980844185 0.06393423656339953 -0.03247562980844185 -0.3280881074147779
1305031458.059689 0.380323182255428 -0.1415072185048905 1.78160721476158 -0.03311252670764843 0.0631805225841747 -0.03311252670764843 -0.3392220779331779
1305031458.09169 0.3719882505741037 -0.1640046530344504 1.777431522291779 -0.03203601093548587 0.05834137872002664 -0.03203601093548587 -0.3532028684249199
1305031458.127605 0.3525925995860195 -0.1658122253324479 1.774797787090085 -0.02666681115249773 0.05606938086974811 -0.02666681115249773 -0.3538708360184165
1305031458.159638 0.3412586394767124 -0.1682325396091489 1.773002316930413 -0.02464550851033547 0.05461987503531932 -0.02464550851033547 -0.3545436632832369
1305031458.191646 0.3185061341710551 -0.1633024566850513 1.775732787143464 -0.02166571367212616 0.05198371867170602 -0.02166571367212616 -0.354939369569658
1305031458.227611 0.2988649571128119 -0.1674267461914958 1.77071612154606 -0.02248711572080844 0.04644475331385961 -0.02248711572080844 -0.354988183687845
1305031458.259934 0.2834595116401885 -0.1592427191232984 1.764153717888374 -0.02511304528333852 0.04855157086305394 -0.02511304528333852 -0.3470999681673768
1305031458.291664 0.2434460470336066 -0.1261563405781038 1.764754036797513 -0.02073505967450751 0.0506531645218998 -0.02073505967450751 -0.3413797208396117
1305031458.327628 0.2233793525370426 -0.1289335560354229 1.759956699922371 -0.02482356054479183 0.05246776234513597 -0.02482356054479183 -0.3505533762688122
1305031458.35959 0.2078651418737158 -0.1259747219318683 1.753151858190512 -0.03313890056745294 0.05093333106920758 -0.03313890056745294 -0.3514406903001514
1305031458.391626 0.1814927613111418 -0.1000041974805125 1.757897650574415 -0.03523660163138701 0.05371359439003352 -0.03523660163138701 -0.3530869918903027
1305031458.427598 0.1801130984435577 -0.105896947046033 1.746628772755418 -0.04542327732725571 0.05402989964190336 -0.04542327732725571 -0.3661403594658153
1305031458.459637 0.1710377955250013 -0.09831621172693862 1.74155151729184 -0.05084481513936416 0.04572869593059807 -0.05084481513936416 -0.3708884858761097
1305031458.491696 0.1745991027509877 -0.0794620803931349 1.731460329607504 -0.05747923718861429 0.03460457680636245 -0.05747923718861429 -0.3780814277563981
1305031458.527737 0.1659355376380341 -0.06478322823852528 1.726880070760904 -0.05284119770502325 0.02835616481924533 -0.05284119770502325 -0.3966326504094828
1305031458.559628 0.15539175207419 -0.09271116515650234 1.672824538917855 -0.04539704515673657 0.02981274472515871 -0.04539704515673657 -0.427791880625895
1305031458.591641 0.1440287683052267 -0.08965236695889439 1.651669881498044 -0.03827368497991196 0.02679637656930471 -0.03827368497991196 -0.4376974068917189
1305031458.627659 0.1221046500444453 -0.08151136859325282 1.637597399911136 -0.03006262045014393 0.02793361849472656 -0.03006262045014393 -0.4467234345020112
1305031458.659623 0.1106912260853477 -0.09507082777151843 1.610475981788772 -0.02711895732154653 0.03185996441624358 -0.02711895732154653 -0.4538798614665726
1305031458.691674 0.08528094642884537 -0.08705071462864897 1.577302027535961 -0.026484380012334 0.03223614847051468 -0.026484380012334 -0.4509370727538786
1305031458.72765 0.07273099596744256 -0.07943841944015549 1.560542951471734 -0.03682620417248093 0.04628210887532179 -0.03682620417248093 -0.4446990087512703
1305031458.759945 0.06849769255634937 -0.05476888224624096 1.562209617306179 -0.04724990824631055 0.06130787871797225 -0.04724990824631055 -0.4365724579098863
1305031458.791632 0.0501920498868483 -0.05851967049652408 1.548654074651507 -0.05342654840542306 0.07599137591287715 -0.05342654840542306 -0.4432470208535529
1305031458.827564 0.06301372813847909 -0.04963675408400502 1.513202875951637 -0.07243591913745041 0.09359796145738045 -0.07243591913745041 -0.4451540322780312
1305031458.891665 0.06565205021119488 -0.03217805343895389 1.495152854680045 -0.08262767534458693 0.09965917804580068 -0.08262767534458693 -0.4382386987349446
1305031458.927621 0.06333919822908854 -0.01198181379187983 1.482622802621382 -0.08718853627737512 0.1085340929214602 -0.08718853627737512 -0.4440716749537073
1305031458.959617 0.05061879088470497 -0.01390626127418891 1.471905734697376 -0.0813379026691452 0.09822806924538913 -0.0813379026691452 -0.4443716950179023
1305031458.991647 0.04138897554548507 -0.0042264964115774 1.473397739512929 -0.07963477942941223 0.08460147165750698 -0.07963477942941223 -0.4344943865425467
1305031459.027665 0.03577549090768391 0.00586012293560385 1.489756516506913 -0.08460958511878977 0.07320477825241119 -0.08460958511878977 -0.4336345263434866
1305031459.059631 0.0187548017325883 0.009163904145555686 1.49213011754039 -0.08815950726073581 0.07355788285326097 -0.08815950726073581 -0.441883424537062
1305031459.127618 -0.008784846204352693 0.01216508096066778 1.486580937846003 -0.09577996382204078 0.06631649439065436 -0.09577996382204078 -0.4474520805417462
1305031459.159639 -0.008784846204352693 0.01216508096066778 1.486580937846003 -0.09577996382204078 0.06631649439065436 -0.09577996382204078 -0.4474520805417462
1305031459.191674 -0.04484135009112442 0.02143576154444743 1.470364477538478 -0.1152799890796762 0.07037056528474833 -0.1152799890796762 -0.4523073106370907
1305031459.227607 -0.05265537004526209 0.01156230174396474 1.48889115673753 -0.1355308475730852 0.07085011205205392 -0.1355308475730852 -0.448459747349016
1305031459.25976 -0.05793523416804414 0.01037614029320139 1.493689131817588 -0.1527604541437134 0.06530728323249335 -0.1527604541437134 -0.4440227509744636
1305031459.327632 -0.05670704440291065 0.0186364305013601 1.465356237059734 -0.1636235756643235 0.05728752435038263 -0.1636235756643235 -0.4443292085556806
1305031459.359651 -0.05609230116088936 0.03032353374051618 1.450845549017595 -0.1528420071336907 0.01471026290467891 -0.1528420071336907 -0.4372324285993943
1305031459.391667 -0.07103193221742965 0.01602081994255198 1.465122004266697 -0.1367456957094941 -0.01597010506015024 -0.1367456957094941 -0.4383218569264142
1305031459.427646 -0.09457109924257219 -0.003978476399986705 1.441662353736177 -0.1120707520689374 -0.04433938819057091 -0.1120707520689374 -0.4414632695263346
1305031459.459679 -0.05528015365292511 -0.02721117492418092 1.487080658554038 -0.1141298273478393 -0.09134274984490261 -0.1141298273478393 -0.4183051479093029
1305031459.527594 -0.05415316270220308 -0.01128901654702744 1.465170064531221 -0.09942486184608632 -0.142281910905217 -0.09942486184608632 -0.4100826752063721
1305031459.559647 -0.0923879006397649 -0.004062076376066149 1.468041917545313 -0.06462531892302181 -0.2199180518573882 -0.06462531892302181 -0.370102376093699
1305031459.591695 -0.1108855462509059 -0.006452230764380939 1.474631483294415 -0.0533220592260886 -0.2495184616581511 -0.0533220592260886 -0.3594220345513212
1305031459.627608 -0.1285585422129529 -0.01154003927894446 1.4665755686936 -0.05049085391135068 -0.2678790434799483 -0.05049085391135068 -0.3557056222865212
1305031459.659641 -0.1451260154369824 0.003951700182013802 1.479650105264115 -0.04646615376862166 -0.2783161932354017 -0.04646615376862166 -0.3417147100920769
1305031459.691604 -0.1573668012348663 0.0009649615023032479 1.479800551541073 -0.04004475301266064 -0.280895524267382 -0.04004475301266064 -0.3418732890481996
1305031459.727551 -0.1769163030153315 0.002904824986949125 1.481484218800501 -0.02734121954478886 -0.2897847649451142 -0.02734121954478886 -0.3353624970250385
1305031459.79165 -0.1934053246076955 0.01480272950557474 1.502545041120961 -0.01860108113618789 -0.2962804412782983 -0.01860108113618789 -0.3235698063102824
1305031459.827664 -0.2381651728901393 0.0292658062889419 1.513386761365846 -0.001698509919503836 -0.2925932553451217 -0.001698509919503836 -0.3268332000876131
1305031459.85966 -0.2615105269517511 0.03368405065004314 1.524314908557068 0.0009377007133116869 -0.2900063864060854 0.0009377007133116869 -0.3252048496013406
1305031459.891596 -0.2825353554690178 0.03916323404742436 1.53028971809285 0.001828974439175828 -0.2876269569488226 0.001828974439175828 -0.3217867704172027
1305031459.927607 -0.2967353717942379 0.04857504563231912 1.542952375680944 -0.003469502291351029 -0.2884858115672204 -0.003469502291351029 -0.3139152676438799
1305031459.991725 -0.306978605040906 0.0590437247868406 1.55411377367452 -0.008008702968154429 -0.2902648591773627 -0.008008702968154429 -0.3097932180119932
1305031460.027565 -0.3341582354235594 0.0785414298520956 1.56381399657954 -0.01157192743216682 -0.295922612218309 -0.01157192743216682 -0.3018816311140045
1305031460.059659 -0.3444196285896614 0.09453633009375262 1.570292980289545 -0.01193774791455945 -0.2989397653549227 -0.01193774791455945 -0.2979321874001581
1305031460.091717 -0.3570704640023347 0.1002210950051804 1.56878325854665 -0.01200002767879633 -0.2993199712299642 -0.01200002767879633 -0.3002449497328628
1305031460.12769 -0.3755087287859585 0.1107163180270787 1.569486187451288 -0.01558364303415169 -0.3050868716714207 -0.01558364303415169 -0.3019916164824036
1305031460.159678 -0.3831418551854524 0.1180587675048224 1.570402105304195 -0.02898914572763395 -0.3124528766833095 -0.02898914572763395 -0.3061685600868089
1305031460.191559 -0.3964507879866201 0.1218398994418122 1.569138353965185 -0.03813441366795397 -0.3177044386372284 -0.03813441366795397 -0.3108338908296259
1305031460.227761 -0.3983706305560896 0.1319145688550541 1.559581873716636 -0.04841976721966023 -0.3214407152420772 -0.04841976721966023 -0.3096328595962142
1305031460.291689 -0.3941434691948393 0.1439771259646276 1.560823489726882 -0.05182923650854418 -0.3228450776928271 -0.05182923650854418 -0.3076069470943006
1305031460.327512 -0.401478402201731 0.1691237076347073 1.573750169498835 -0.03641432667241525 -0.3280799668972273 -0.03641432667241525 -0.3058178273509481
1305031460.391611 -0.4120876583805882 0.1794402308269136 1.578785966268917 -0.02682555277270275 -0.3330626328974518 -0.02682555277270275 -0.3070501829786335
1305031460.427477 -0.4250289572930811 0.2011572308143825 1.57630068845514 -0.00720038883835317 -0.3466734495681188 -0.00720038883835317 -0.3038726744705035
1305031460.45962 -0.4318600235007077 0.2117915669422006 1.578575886768281 0.002898186446133967 -0.3550281852211601 0.002898186446133967 -0.3025062235921747
1305031460.491504 -0.4299298567828285 0.2145407201890065 1.57860681980857 0.01130631050012337 -0.361764394883464 0.01130631050012337 -0.3018709988402575
1305031460.52757 -0.4397510370144334 0.2200149198472898 1.578030270466734 0.02581800008946041 -0.3716683840248788 0.02581800008946041 -0.2968854030086159
1305031460.559647 -0.4472548739857719 0.2347274051731189 1.586844257696303 0.03647620397358271 -0.3860712268449547 0.03647620397358271 -0.2857395250169716
1305031460.591855 -0.4548871508551661 0.2459551919194408 1.586819177312252 0.04805063600531113 -0.3925100177309364 0.04805063600531113 -0.2802334051881405
1305031460.627625 -0.4636335103735919 0.255434853582613 1.588387196839855 0.05867204240491105 -0.3963286703954131 0.05867204240491105 -0.2778214464559167
1305031460.659764 -0.4669853283001253 0.2672341840715651 1.587839035604763 0.06730781624614053 -0.4010793315663805 0.06730781624614053 -0.2749590110109372
1305031460.691671 -0.4773890037188616 0.2728460121860796 1.589373646154733 0.07554321283372707 -0.4040795944499196 0.07554321283372707 -0.2765619595056839
1305031460.727675 -0.490684011365896 0.284782675699436 1.587479950056774 0.08287460341463329 -0.406763159177622 0.08287460341463329 -0.2739721990488447
1305031460.759667 -0.4991071948525935 0.295049496411689 1.586474039052151 0.08664633995960215 -0.4073801604782913 0.08664633995960215 -0.2702733450200182
1305031460.79166 -0.4956592933031337 0.2995005307211825 1.590825175989172 0.0872171020801321 -0.4063645032413356 0.0872171020801321 -0.2690224281843753
1305031460.82766 -0.5058655252727676 0.3142668948617538 1.589255029421161 0.09420266038124066 -0.4066336379874032 0.09420266038124066 -0.2667147781726012
1305031460.859714 -0.5119350785838171 0.3288085318515612 1.591844699554383 0.09777331676145409 -0.4031802229009251 0.09777331676145409 -0.2600555973148513
1305031460.891774 -0.511935124980903 0.3288085894012244 1.591844555731606 0.09777331676145409 -0.4031802229009251 0.09777331676145409 -0.2600555973148513
1305031460.927562 -0.5181225117124679 0.3299431919364145 1.586681321694453 0.1013431886351709 -0.4034571523200836 0.1013431886351709 -0.2618067051476371
1305031460.991668 -0.5254263947469689 0.3409602925800364 1.580499673667811 0.1049961462930567 -0.4037722509112879 0.1049961462930567 -0.2597147766842881
1305031461.02762 -0.5259492897803417 0.3854533956875652 1.57908717666416 0.1142688868810857 -0.4065801509288365 0.1142688868810857 -0.2495816030192557
1305031461.091728 -0.5297064625707751 0.4068431303239362 1.582093757502842 0.1181691584376582 -0.4085717846345595 0.1181691584376582 -0.2468856076124211
1305031461.127586 -0.5337821176869884 0.4264167831721311 1.579781293463873 0.1150733369490798 -0.4090254788823199 0.1150733369490798 -0.2498290941615476
1305031461.15972 -0.5311220345588555 0.4384887782296105 1.579384421031192 0.1159822604898581 -0.4056787975876444 0.1159822604898581 -0.2481300186599801
1305031461.192013 -0.5319486812474947 0.4490685969579643 1.57332981325055 0.1188614230096966 -0.403344088819912 0.1188614230096966 -0.253473982956635
1305031461.227607 -0.5335236562959489 0.4529523825770354 1.57161811016141 0.1187549362743383 -0.3987094383234309 0.1187549362743383 -0.2589102818006893
1305031461.259642 -0.5335904389144858 0.4596617204753754 1.56912308140515 0.1205028174935949 -0.3965569432153086 0.1205028174935949 -0.2607906297897014
1305031461.291656 -0.5346466064264921 0.4741190996761417 1.564863783164194 0.1235001913372644 -0.3936365079672355 0.1235001913372644 -0.2624476530964285
1305031461.327751 -0.5338921131633523 0.4824763099765947 1.561593944126573 0.1252837477039174 -0.389216238482985 0.1252837477039174 -0.2657170782664546
1305031461.359709 -0.5259144705599766 0.4876215759139108 1.560763347723563 0.1254387248764761 -0.3857466468859411 0.1254387248764761 -0.2670346477742034
1305031461.391708 -0.5311588911058106 0.4745109592394657 1.554386066723462 0.1274431529428998 -0.3830268462738559 0.1274431529428998 -0.2735338103633825
1305031461.427624 -0.5226397131636812 0.4872612122089978 1.553404270779156 0.125994269095196 -0.3851425668299741 0.125994269095196 -0.266234308351562
1305031461.459781 -0.5156857679032258 0.4935428311003361 1.552745100274884 0.125838557914218 -0.3827643611397591 0.125838557914218 -0.2654582738527491
1305031461.491677 -0.5131043721554298 0.4990807174847848 1.549027087508452 0.1264941616909308 -0.3839065016908391 0.1264941616909308 -0.2589033785808433
1305031461.527705 -0.5009745185788924 0.5150133719003079 1.558585908171517 0.1248864478399234 -0.3860134998877822 0.1248864478399234 -0.2509503060116942
1305031461.559677 -0.5024398760476227 0.5100062019973091 1.553908680609747 0.1273567626909215 -0.3838316081494715 0.1273567626909215 -0.2602199341215562
1305031461.59169 -0.4866893581082025 0.5063516358470206 1.563293723072101 0.1243328296510396 -0.3818626897226697 0.1243328296510396 -0.2571328369463957
1305031461.627541 -0.4872974953057925 0.5047994093177268 1.561585645379234 0.1352098681307748 -0.3796699753613747 0.1352098681307748 -0.2587116115740068
1305031461.659622 -0.4817541734478997 0.5038402074110877 1.562112599091349 0.1405635078967458 -0.3815984511103422 0.1405635078967458 -0.2546003812044991
1305031461.691563 -0.4774246885847503 0.499939139951579 1.559413008113413 0.1452670913733873 -0.3828961244086476 0.1452670913733873 -0.2532134398807651
1305031461.727602 -0.479056331248189 0.4906111804761463 1.551461489778992 0.1491318921923107 -0.3865566249699683 0.1491318921923107 -0.2534565779447556
1305031461.759684 -0.469305456612002 0.4932969346052495 1.547456389052454 0.1497463256158413 -0.3915418211505529 0.1497463256158413 -0.2465586622103054
1305031461.791612 -0.4662125154638039 0.4854382124722247 1.5438312631979 0.151858855475543 -0.3940771600373222 0.151858855475543 -0.245867249867259
1305031461.827615 -0.4617987301752186 0.4826525659407856 1.53936766949203 0.1559922593038827 -0.3981897415352833 0.1559922593038827 -0.237861147827788
1305031461.859767 -0.4555779232599649 0.4818103850002238 1.53762292813917 0.161884965144925 -0.4029218715777692 0.161884965144925 -0.23077723428823
1305031461.891723 -0.4450163816528886 0.46102627529458 1.539449301867961 0.1578720269454499 -0.4109758375876842 0.1578720269454499 -0.2294488296953218
1305031461.927758 -0.4479986172426856 0.4520896186640048 1.53138019423728 0.1607137750753816 -0.4210381433343924 0.1607137750753816 -0.2221106824628258
1305031461.959703 -0.4397941718200263 0.4495815417945565 1.533648894330499 0.1573006614177386 -0.429414526694818 0.1573006614177386 -0.2084420743764886
1305031461.99159 -0.4362073760187535 0.4358251077181216 1.526302128791384 0.1631767314604941 -0.433254149971484 0.1631767314604941 -0.2050345352712794
1305031462.027675 -0.4442600400132346 0.4027432998653824 1.521246150177888 0.1651356093656803 -0.443207927089416 0.1651356093656803 -0.2075221984664418
1305031462.059837 -0.4600620732023694 0.403102623840412 1.503333381294871 0.1739519439639563 -0.4517250631956045 0.1739519439639563 -0.1984224391778957
1305031462.091777 -0.4620885176650729 0.3921757343554729 1.502024102928857 0.1653873454131326 -0.4611915885162071 0.1653873454131326 -0.1937846551470146
1305031462.127739 -0.4544994165265053 0.3775807476721768 1.499836132282953 0.1525742923274756 -0.4691553550417361 0.1525742923274756 -0.1901417088032322
1305031462.159646 -0.4496594445923604 0.3776699641528097 1.505930271982807 0.146781940722738 -0.4775694718999459 0.146781940722738 -0.1767231128110372
1305031462.191641 -0.4556086454547346 0.367535992390999 1.502963141261988 0.1445034236918233 -0.4843289674345653 0.1445034236918233 -0.1751175293949293
1305031462.227633 -0.452069341954009 0.3512805660365262 1.500757506462448 0.1382404596133955 -0.4848242440316867 0.1382404596133955 -0.1749476007918707
1305031462.259765 -0.4538058397114894 0.35196553867367 1.504643463103851 0.1397206852799699 -0.4870644898241472 0.1397206852799699 -0.1622877869546539
1305031462.291629 -0.4588867325738153 0.351334881576621 1.501098739821816 0.1412155142058724 -0.4868443446401836 0.1412155142058724 -0.1539129166671035
1305031462.32754 -0.4604659047779625 0.3554036389516411 1.505731444641853 0.138972843176443 -0.4853824200845656 0.138972843176443 -0.1421648743212749
1305031462.359732 -0.467415817707676 0.352458134797505 1.487851482409348 0.1434817777144606 -0.4793979274537049 0.1434817777144606 -0.1376584931405813
1305031462.391695 -0.4771774340457562 0.3461480751652775 1.482864845539585 0.1457735953836453 -0.4715846890214475 0.1457735953836453 -0.1314198613721946
1305031462.427635 -0.4857767669373248 0.348790835363844 1.480427410676043 0.1452727279592809 -0.4677730560130534 0.1452727279592809 -0.1193861759333337
1305031462.459897 -0.4915169406939204 0.343914558482767 1.473578352611021 0.1419694021068811 -0.4612061869713999 0.1419694021068811 -0.1111632567583904
1305031462.492008 -0.5018738037478985 0.342906869383078 1.472123066528945 0.1382096659549762 -0.4538936611468823 0.1382096659549762 -0.1011708140615959
1305031462.52767 -0.5036900393881316 0.3259970693167688 1.468488810310866 0.1278475304200704 -0.4446036975748177 0.1278475304200704 -0.09541145785979409
1305031462.559862 -0.510713698641842 0.314346545966608 1.463661391525443 0.1209510785736844 -0.4377489057569714 0.1209510785736844 -0.09387240418479076
1305031462.591862 -0.5112434667191358 0.3005534722119452 1.464388075501267 0.1102823491274064 -0.4273366798530489 0.1102823491274064 -0.0926241101433634
1305031462.627851 -0.5118557296913928 0.2950893421100699 1.471152458004927 0.1052332991498684 -0.4187608549311025 0.1052332991498684 -0.0880979095332336
1305031462.65966 -0.5111788840436521 0.2842402548808238 1.475549984333186 0.1009378869474489 -0.4082896569432151 0.1009378869474489 -0.08791655623646534
1305031462.692548 -0.5123577402985501 0.276888421415073 1.478685171321898 0.1011529259920549 -0.3977391760379866 0.1011529259920549 -0.08846263002929011
1305031462.727652 -0.516853396111807 0.2669071808452601 1.48216739881739 0.1004128280785247 -0.3870622201002274 0.1004128280785247 -0.09284701944852712
1305031462.759782 -0.5220753262502754 0.2546001375086224 1.484488380839603 0.09708774744798067 -0.3740663856141045 0.09708774744798067 -0.09666421581038782
1305031462.791943 -0.5192554675788061 0.2374684641088803 1.490917582231497 0.08746574428075964 -0.3619401885147306 0.08746574428075964 -0.09998432503905669
1305031462.827816 -0.5141584281371677 0.2203193546206454 1.497077716100954 0.07913097239959808 -0.3516923000013649 0.07913097239959808 -0.1019201050165692
1305031462.859782 -0.5096465797311145 0.1966398330816728 1.500753400511426 0.07025040147897137 -0.3422721133840425 0.07025040147897137 -0.1055648031488025
1305031462.891847 -0.5071212092573458 0.1834643377259336 1.511322696419888 0.06578816654617657 -0.3334503376175991 0.06578816654617657 -0.09972598411135504
1305031462.927607 -0.4961049216556112 0.1554473359199152 1.512737640552883 0.06089562113590707 -0.3253271392812075 0.06089562113590707 -0.1061015290096048
1305031462.959676 -0.492298921860374 0.1463013215227063 1.522724485973936 0.06081860605321492 -0.3257728571185531 0.06081860605321492 -0.103780130207207
1305031462.99555 -0.4877783788953846 0.1335366768733467 1.52480072165078 0.05996916648842569 -0.3220284853728709 0.05996916648842569 -0.106100769018713
1305031463.027667 -0.4772015560221475 0.1288249081910904 1.536336778626106 0.0550565854614099 -0.3186470870182164 0.0550565854614099 -0.1051314940452444
1305031463.05981 -0.4666798621333861 0.1133350005188801 1.54536584342994 0.04966352598916306 -0.3106945621435226 0.04966352598916306 -0.1136593814647123
1305031463.095809 -0.4574593049311504 0.08720015597307176 1.549335261026639 0.04117721394638681 -0.300602258617766 0.04117721394638681 -0.127533619719618
1305031463.12755 -0.4414364116042493 0.06965347827355492 1.557508632600138 0.03290004894487122 -0.2884087148436071 0.03290004894487122 -0.1301494179885075
1305031463.159787 -0.4320328201231941 0.0665407457512836 1.571298976182291 0.03186939930759454 -0.2814041473536278 0.03186939930759454 -0.1302490848808359
1305031463.195657 -0.4293430840867566 0.04956915906827856 1.581735255932618 0.03283886142771412 -0.2708419520705412 0.03283886142771412 -0.1387228750265111
1305031463.227784 -0.4165275358065257 0.0289468337672503 1.584084878118268 0.02909175183284156 -0.2614562563553099 0.02909175183284156 -0.144202754508851
1305031463.260034 -0.4009182518649017 0.02296329720255799 1.591461682305171 0.02681609496392998 -0.2532039065513728 0.02681609496392998 -0.1406312346252719
1305031463.295737 -0.3843243663242464 0.01961590609348595 1.602075557152718 0.02364067480188388 -0.2518252932637843 0.02364067480188388 -0.1434794331043493
1305031463.327739 -0.3717500469611825 0.003509079982711962 1.599096587453531 0.02257877773196465 -0.2456691446881967 0.02257877773196465 -0.1512717872737104
1305031463.35975 -0.3595456423072222 -0.002494543398807321 1.60181796487947 0.01952792154154128 -0.2407079082152653 0.01952792154154128 -0.1500047407222403
1305031463.39563 -0.3471096862161768 -0.01155197641055962 1.603969287548777 0.01497207926559442 -0.2383266575634035 0.01497207926559442 -0.1574307845304607
1305031463.427716 -0.3254915963410325 -0.02802676434412244 1.604273799534592 0.005570570555690288 -0.2320644842274219 0.005570570555690288 -0.16463349027781
1305031463.459756 -0.3043421451658594 -0.04100656613222141 1.604762439078277 -0.001797715521456148 -0.2281889726403425 -0.001797715521456148 -0.1666717630198909
1305031463.495629 -0.2870839449911175 -0.05338462600986017 1.609559927077622 -0.003804150057217809 -0.2239422791149351 -0.003804150057217809 -0.1676731762798113
1305031463.52767 -0.2671837349170526 -0.06394051270698398 1.612204077207076 -0.004840100966295283 -0.2223987540932818 -0.004840100966295283 -0.1670661443301275
1305031463.559751 -0.2566249564564623 -0.05795254851230253 1.624419827274587 0.00431959431290508 -0.2244332397077157 0.00431959431290508 -0.1607024200141435
1305031463.5956 -0.2484785845215275 -0.06525977788790276 1.618907530588438 0.007847527544221461 -0.2291800873270809 0.007847527544221461 -0.1670643823411845
1305031463.627588 -0.2337641903574352 -0.07229258559704076 1.6197790633859 0.005481528420025136 -0.2281121297261993 0.005481528420025136 -0.1670373646749096
1305031463.659766 -0.2082810997474642 -0.07738157395523548 1.618198366582695 -0.00157449132270883 -0.2271851420947605 -0.00157449132270883 -0.1696788501179018
1305031463.69564 -0.1874760836486069 -0.08863284225104992 1.614357019456089 -0.003027765023509247 -0.2275836455311395 -0.003027765023509247 -0.1829103676456476
1305031463.727588 -0.1639687242234892 -0.105765748239026 1.613416598784733 -0.01017805009343196 -0.2266619551298317 -0.01017805009343196 -0.1918698774985695
1305031463.759674 -0.1556096091078802 -0.1105850944176983 1.612006471632065 -0.007368993537955405 -0.2273132508564497 -0.007368993537955405 -0.1947040678130657
1305031463.795647 -0.1370187287047154 -0.1091689101032384 1.631249835293187 -0.001882999228734365 -0.2221824399743789 -0.001882999228734365 -0.1973668107170139
1305031463.827761 -0.1271881602840721 -0.111147458327981 1.649354201808604 0.007926357840043932 -0.212321629478003 0.007926357840043932 -0.2024148145269794
1305031463.85991 -0.1061837018240008 -0.1116786554350005 1.661276624060609 0.01064105977860026 -0.201525783805573 0.01064105977860026 -0.2032381707321729
1305031463.895648 -0.08126252950872348 -0.1085751959400148 1.676003579130756 0.01155518000839971 -0.1932082311928633 0.01155518000839971 -0.2048198297160934
1305031463.927664 -0.07157642820194379 -0.1155882859352061 1.67889116376763 0.01703316743722766 -0.1863146769140063 0.01703316743722766 -0.2143977112456864
1305031463.95968 -0.06016374963601509 -0.1151008622336574 1.694452435076072 0.01875125450044601 -0.1807329082401834 0.01875125450044601 -0.2147821132924062
1305031463.995821 -0.03784333345542342 -0.1108247489200173 1.710895670172977 0.01407718275129571 -0.1738219427916375 0.01407718275129571 -0.2150366717421827
1305031464.027703 -0.02077714865963387 -0.1092309472488699 1.72916625514416 0.01210396313908734 -0.1661935199313178 0.01210396313908734 -0.2186156978309597
1305031464.059652 -0.004065573604617439 -0.1147348802773389 1.742002539309002 0.009539813095235515 -0.1581173028641115 0.009539813095235515 -0.223005369064532
1305031464.095634 0.0173551386439709 -0.1120621351196595 1.755184260429701 0.008625442194634181 -0.1497103885980912 0.008625442194634181 -0.2248158101392057
1305031464.127681 0.02657823836298842 -0.1142243572512554 1.766285934832127 0.01311383093054763 -0.1424708615114103 0.01311383093054763 -0.2320962432630821
1305031464.159817 0.03297960519315554 -0.1112262319690011 1.782756358029252 0.01405059360374477 -0.1388670489249566 0.01405059360374477 -0.2334836255781333
1305031464.195585 0.04425369217025558 -0.1098858930802025 1.797595663356466 0.008098521882934046 -0.1386208447256598 0.008098521882934046 -0.2394300535692063
1305031464.227624 0.05453381250064503 -0.1082634450419749 1.810552689303838 0.0002745730783995585 -0.1342816806375537 0.0002745730783995585 -0.2497100781734349
1305031464.259644 0.0481151598258302 -0.1156627327746399 1.812469098587453 -0.00426477550756467 -0.1290222314416331 -0.00426477550756467 -0.2631695031952401
1305031464.295667 0.04777890547293212 -0.1231830080593185 1.817328519486963 -0.01510860199090108 -0.119632427698118 -0.01510860199090108 -0.2714334497307877
1305031464.327866 0.0612593129594441 -0.1268154433278979 1.815092849986984 -0.03206881277208518 -0.1090294634651133 -0.03206881277208518 -0.2766896725444026
1305031464.359684 0.09239632121946215 -0.1313102103027192 1.819683481565208 -0.05150586628602571 -0.1000593510918104 -0.05150586628602571 -0.2801585938276205
1305031464.395611 0.1112573357458067 -0.1271763848025765 1.829919560712988 -0.06125324317202131 -0.09227436634755083 -0.06125324317202131 -0.2832944060408168
1305031464.427634 0.1371013892948352 -0.1458852060606635 1.819034037660704 -0.06966988198950286 -0.08239635699480159 -0.06966988198950286 -0.297682730520148
1305031464.459689 0.1526955900496862 -0.1465975590033677 1.819075077624533 -0.06825330120254926 -0.07202052634505894 -0.06825330120254926 -0.3018434123093218
1305031464.495633 0.1696224798521736 -0.1502574925298566 1.824150247580227 -0.06948455811277343 -0.06317676790085246 -0.06948455811277343 -0.3075189486448669
1305031464.527574 0.1928981112775903 -0.1494452175329591 1.838181202342949 -0.07256648321963714 -0.05680414127652161 -0.07256648321963714 -0.3087026479891166
1305031464.559703 0.2022146852163221 -0.15943356830665 1.844820640012362 -0.06881063958717616 -0.05033021862453151 -0.06881063958717616 -0.3140172794668695
1305031464.595698 0.2200269270152077 -0.1627201909122176 1.855783597119668 -0.06747531852093726 -0.03722954274397022 -0.06747531852093726 -0.3143139523441518
1305031464.627672 0.2681111885817661 -0.1444773360977432 1.845767227108998 -0.07025908555134927 -0.0268967014778918 -0.07025908555134927 -0.3198020886069503
1305031464.659749 0.2878933470101791 -0.1467145960770981 1.865032026508953 -0.05806295341031953 -0.02293807170063002 -0.05806295341031953 -0.3307756277053216
1305031464.695663 0.297646402536801 -0.1528097343213753 1.880427609664303 -0.04213995824171614 -0.01483271546691348 -0.04213995824171614 -0.3431112182213632
1305031464.727652 0.3186630077725455 -0.1307540160628513 1.896072202890775 -0.03295860480851798 -0.009813531455099953 -0.03295860480851798 -0.3538042077948629
1305031464.75974 0.3240197441044029 -0.1473022568659164 1.902481117915031 -0.02513523990778538 -0.002103834445296316 -0.02513523990778538 -0.375647078530251
1305031464.796021 0.3178926686068974 -0.1812792288685289 1.878221898868527 -0.01750290923972633 0.01196507137249772 -0.01750290923972633 -0.402109539194665
1305031464.827759 0.3161226013924536 -0.1767389756842306 1.873344139078385 -0.01547202815563323 0.02957616432753826 -0.01547202815563323 -0.4126919051626594
1305031464.859654 0.3186961046588831 -0.1696006263372176 1.861092957007745 -0.02376522418206571 0.0466620470067788 -0.02376522418206571 -0.4258566618464812
1305031464.895817 0.3422554582934529 -0.1848482315186091 1.846964535943394 -0.03947885170720655 0.06676818053463361 -0.03947885170720655 -0.4377305406950674
1305031464.927799 0.3519678668115355 -0.1756162978047164 1.846455182146171 -0.04724313922291908 0.0925771531511672 -0.04724313922291908 -0.4362311750600452
1305031464.959763 0.3849897269087958 -0.1442425676492238 1.842623268473557 -0.05944293472643383 0.1169369939529192 -0.05944293472643383 -0.4335242882918136
1305031464.995687 0.394159262383847 -0.1224721608675717 1.84797469397743 -0.05839441668030081 0.1362431392303238 -0.05839441668030081 -0.4365623835389265
1305031465.027823 0.4175734730837238 -0.1175772512735946 1.832462925198897 -0.05764591324575283 0.1534557825656856 -0.05764591324575283 -0.4465192145780738
1305031465.059749 0.4196187463392024 -0.1086274795447281 1.821624016832886 -0.04973235892178769 0.1718646838003714 -0.04973235892178769 -0.4528141221370192
1305031465.0957 0.4263361884860029 -0.106919255642764 1.812237486370686 -0.05049114732919727 0.1871411709285568 -0.05049114732919727 -0.4582549114109629
1305031465.127664 0.4886341510579589 -0.09378724726407241 1.767257641554139 -0.07166247976882588 0.2020076814025246 -0.07166247976882588 -0.4575196296724228
1305031465.159842 0.5060201584988608 -0.07905660844364051 1.745666756704092 -0.07976350009673323 0.2227256054432254 -0.07976350009673323 -0.4416253629021025
1305031465.195564 0.5034158385074347 -0.06892427623080942 1.722930971371101 -0.08230987972880965 0.2375020680542618 -0.08230987972880965 -0.4272607266295769
1305031465.227907 0.5033216057087674 -0.0431053995863661 1.717846508382626 -0.08603197711795633 0.2516077145179169 -0.08603197711795633 -0.4101039822299811
1305031465.259807 0.5165960472362251 -0.03988044332233168 1.688343974753664 -0.09092537821815186 0.2634721384499774 -0.09092537821815186 -0.401549399334111
1305031465.295623 0.511724024935125 -0.01250900716430019 1.687042534545044 -0.09519598629875471 0.2680012670451583 -0.09519598629875471 -0.3825171093501061
1305031465.327674 0.5201324593727679 -0.004322731518655441 1.659416952388886 -0.1074684113113434 0.2639619156006364 -0.1074684113113434 -0.3769631654906846
1305031465.359948 0.5340339246139902 -0.001145331600275998 1.635783771366369 -0.1243303694744052 0.2577450064155538 -0.1243303694744052 -0.3675859085470449
1305031465.395586 0.5334453088117438 0.01010956239428843 1.628002140625756 -0.1384146597619998 0.2542116396196968 -0.1384146597619998 -0.3576191217070879
1305031465.427697 0.5617721749583517 0.02302842169118039 1.61017675487962 -0.1637574290791955 0.2509046106179387 -0.1637574290791955 -0.353518642112314
1305031465.460125 0.592634928896882 0.03117282640273612 1.602682934173572 -0.1829253672735002 0.2481597696021247 -0.1829253672735002 -0.3508903566638161
1305031465.495703 0.6156088050037011 0.02627714420294503 1.589677091617938 -0.1981227995032259 0.2387501933887113 -0.1981227995032259 -0.3508251571615919
1305031465.527622 0.636553167543121 0.01877388096798784 1.566476614768291 -0.210553856728012 0.2338286457783125 -0.210553856728012 -0.3497840781170169
1305031465.559812 0.6568759787650792 0.03034566237062103 1.56060496523371 -0.2205541931972287 0.2373754227361291 -0.2205541931972287 -0.3439022575416786
1305031465.595599 0.6899013231716172 0.03516148274491702 1.544941414083097 -0.2359484610710044 0.2351477748287435 -0.2359484610710044 -0.3473297548598797
1305031465.627688 0.7178544287880856 0.02947031554080011 1.526276611660734 -0.2457228262896549 0.2271725063646362 -0.2457228262896549 -0.3520741571346515
1305031465.66006 0.734138912306904 0.01712492223369252 1.519124156046328 -0.2506505210007757 0.2188695286808953 -0.2506505210007757 -0.35565347088999
1305031465.695668 0.756198884793029 0.004913985496303567 1.503723862966145 -0.262321470151589 0.2146062144688592 -0.262321470151589 -0.3602757063587591
1305031465.727682 0.7932842844931439 0.006407550015713086 1.493917022972866 -0.2758988839715745 0.2102736391559295 -0.2758988839715745 -0.3611322516904361
1305031465.759766 0.8161877691780522 0.0006389924490486825 1.47988073949258 -0.2832863167893845 0.2016472338427483 -0.2832863167893845 -0.3659829510129998
1305031465.795937 0.8448513806787549 -0.002747418854563068 1.464701507806994 -0.293693993031902 0.1932355803119828 -0.293693993031902 -0.3686436271193153
1305031465.827996 0.8756002661628908 -0.008983542474386114 1.448283950196042 -0.3019066827780724 0.1857432201506853 -0.3019066827780724 -0.3715493187518284
1305031465.859861 0.906881586168535 -0.00926840728228385 1.443178104666956 -0.3096297789176952 0.1803275278243154 -0.3096297789176952 -0.3749364893044574
1305031465.895494 0.9358834512743933 -0.02921332143096293 1.413188422030602 -0.3144867026641005 0.1774117896928315 -0.3144867026641005 -0.3896609773324926
1305031465.927495 0.9831825576595754 -0.03728800937126202 1.406062014632783 -0.3176823240008849 0.1705435675253853 -0.3176823240008849 -0.3884177598054047
1305031465.95971 1.011014637125075 -0.03816546486223055 1.399702630437999 -0.3131316634106977 0.1659899223894734 -0.3131316634106977 -0.3918878188445493
1305031465.995753 1.032080458592568 -0.04568408942806874 1.381949223494088 -0.307509179876676 0.1620674838974298 -0.307509179876676 -0.4040413308347142
1305031466.027644 1.050551457596092 -0.06921635224870132 1.38225941481901 -0.2964750014904214 0.1605928751668814 -0.2964750014904214 -0.412832691359009
1305031466.059757 1.069531825148595 -0.06452933520498925 1.351270204582912 -0.3004273839236388 0.1594034891326919 -0.3004273839236388 -0.4172708443157008
1305031466.09584 1.090306870808805 -0.09869889432213517 1.35091598893479 -0.2927509003207666 0.15727654080456 -0.2927509003207666 -0.4184255079279275
1305031466.12764 1.110005866726965 -0.1012859909420166 1.342644536991014 -0.2950176822310286 0.1577863998042533 -0.2950176822310286 -0.4112543325092419
1305031466.160428 1.128019638755531 -0.1122969134539899 1.327731595622357 -0.297623028529814 0.1614302420912608 -0.297623028529814 -0.4067063585620684
1305031466.195833 1.14742509196896 -0.1250326349192971 1.317319460284784 -0.302498021240656 0.1624708215788687 -0.302498021240656 -0.401505693588706
1305031466.227951 1.169275191562616 -0.1389305812341072 1.312065519561808 -0.3098309730731058 0.1651263309613615 -0.3098309730731058 -0.3921313919801929
1305031466.259815 1.190250781737686 -0.1400731429957252 1.300874553164931 -0.3168593054476699 0.1749173572508181 -0.3168593054476699 -0.3815010590524758
1305031466.295737 1.218349247203797 -0.1294653285550441 1.298612626272931 -0.3185331281830543 0.186951487010682 -0.3185331281830543 -0.3775069042418909
1305031466.327702 1.247843039128747 -0.1404994373895229 1.304874608323662 -0.3091886367411636 0.1959935287340916 -0.3091886367411636 -0.3826023602123906
1305031466.359829 1.270600776862873 -0.1542772024470585 1.310147860094571 -0.2957452192552546 0.2006116850703966 -0.2957452192552546 -0.3872023307773209
1305031466.395784 1.287852368781215 -0.1612148149415142 1.305739656691557 -0.2836678860061537 0.2060431904905653 -0.2836678860061537 -0.3872155462708868
1305031466.427819 1.309267511352959 -0.156618850876477 1.317643598764936 -0.2813666454114864 0.206928388488423 -0.2813666454114864 -0.3847741070238186
1305031466.45979 1.31964044632461 -0.1702884106308358 1.320811516604431 -0.2793381230270507 0.2082899068874263 -0.2793381230270507 -0.39187563315792
1305031466.495809 1.338645794066695 -0.1734096654517593 1.305802067794569 -0.2839922460662713 0.2146009261795305 -0.2839922460662713 -0.3935199339950357
1305031466.527538 1.361541301263254 -0.1711747019328673 1.297789842777048 -0.2880730364327251 0.2184911477884739 -0.2880730364327251 -0.3892576907344971
1305031466.560353 1.392458076506723 -0.1745858381334014 1.300895587443545 -0.2855642832688553 0.2182468305174814 -0.2855642832688553 -0.3875542328583911
1305031466.595936 1.415224282100283 -0.1804778572830819 1.300843351579122 -0.2813399201983621 0.2159700527897666 -0.2813399201983621 -0.3854810619227791
1305031466.627549 1.433299908887746 -0.1825022155334254 1.290781328262086 -0.2779857075666573 0.2203809709339078 -0.2779857075666573 -0.3801808146752227
1305031466.659688 1.45600930720972 -0.1631894087114451 1.298010056343002 -0.2751928511735199 0.2245218641653701 -0.2751928511735199 -0.370710447079823
1305031466.695822 1.476603532427595 -0.1542087080627119 1.288830747115651 -0.2727833149282397 0.2273567217355924 -0.2727833149282397 -0.3780897113255285
1305031466.728074 1.491717413069576 -0.1641072464643054 1.270523323014857 -0.2691120982408111 0.2339025724708252 -0.2691120982408111 -0.3856438172572835
1305031466.759637 1.510727726481157 -0.1561054407261275 1.266854659420649 -0.2672311265484317 0.245366899778937 -0.2672311265484317 -0.3801054119644632
1305031466.795604 1.525880803147871 -0.1462164957879978 1.267202228072298 -0.2633404855187513 0.2529754482580581 -0.2633404855187513 -0.3830068745153408
1305031466.827879 1.543832488469719 -0.1445734990279322 1.252129403739635 -0.2650187625279322 0.2574804504415037 -0.2650187625279322 -0.3920046292705107
1305031466.859665 1.560299202926828 -0.1498698072153583 1.24911905574519 -0.2650184632488304 0.2621340388304466 -0.2650184632488304 -0.3907440107944634
1305031466.895694 1.568630396342718 -0.1420388711063697 1.248822642943237 -0.2687850608389858 0.2637986529364225 -0.2687850608389858 -0.3864464343364109
1305031466.927756 1.57575008037332 -0.1424760504740721 1.238226902329743 -0.2779233905760429 0.2647839454584624 -0.2779233905760429 -0.3899925277924237
1305031466.959728 1.593259373511051 -0.1397747983965276 1.238201568789609 -0.2888405401936417 0.2721786362367006 -0.2888405401936417 -0.387152709312921
1305031466.995712 1.618096302798148 -0.1221803539440696 1.246662140202767 -0.2997865151780192 0.2786842602356108 -0.2997865151780192 -0.3793625505836631
1305031467.027843 1.635431688432233 -0.1126044843746276 1.238104653681736 -0.3049976248044152 0.2837110130172421 -0.3049976248044152 -0.3798610894182209
1305031467.0597 1.650830861030474 -0.1075592606463084 1.234908854351601 -0.3069038230599446 0.2895556804268242 -0.3069038230599446 -0.3805763579863163
1305031467.095687 1.671517361389403 -0.100767431421437 1.223702693608496 -0.310190641670993 0.2940076740664466 -0.310190641670993 -0.382767806573088
1305031467.128974 1.684618927516454 -0.09876461706376309 1.226492823886475 -0.3069779481922288 0.2991222420223582 -0.3069779481922288 -0.3810539757014769
1305031467.15966 1.688811458771877 -0.09686493019562541 1.228716473527115 -0.3016465864159948 0.3087463891036865 -0.3016465864159948 -0.3834349536257192
1305031467.195663 1.701319056905941 -0.08514923374646963 1.228000321942937 -0.3031778082830583 0.3161613387944432 -0.3031778082830583 -0.38258062787784
1305031467.227704 1.71349646032627 -0.07144210143625926 1.228638194322796 -0.3088060924273512 0.3188997803757178 -0.3088060924273512 -0.3786304585814563
1305031467.259694 1.726847515673913 -0.0677307804012114 1.22469264944155 -0.3128490349148642 0.326035712832269 -0.3128490349148642 -0.3795525164695143
1305031467.295846 1.740401306658773 -0.06997027379555143 1.226211554376964 -0.3138677231800219 0.3310207296130342 -0.3138677231800219 -0.3819223611798518
1305031467.328008 1.755086829724217 -0.0583548734770101 1.214898765412748 -0.3205513641328337 0.3378065844451372 -0.3205513641328337 -0.3834249044781683
1305031467.359654 1.768997430473196 -0.05402601409739485 1.205962776622378 -0.3253567758117665 0.3430808562340573 -0.3253567758117665 -0.3854077976773312
1305031467.395756 1.782674358543999 -0.05562817856923544 1.197855798675521 -0.329456962750059 0.3464836331465819 -0.329456962750059 -0.3840874026747255
1305031467.427783 1.799007693243653 -0.04799082176319638 1.200353185386469 -0.3331499001566315 0.3546866772154421 -0.3331499001566315 -0.3759959360474888
1305031467.459692 1.808134818320419 -0.04182558587069185 1.191216939387092 -0.3362692946947168 0.3615088154569367 -0.3362692946947168 -0.3761370888627479
1305031467.496058 1.822261624765551 -0.04202053241360205 1.194467013924205 -0.33921917227144 0.3650620093703035 -0.33921917227144 -0.3749858137285068
1305031467.527663 1.841592861679324 -0.02956597844877031 1.17519304434838 -0.3478182570526201 0.373337557410876 -0.3478182570526201 -0.3719430103924082
1305031467.559763 1.85659044956119 -0.02006546191197023 1.17276949409773 -0.3477459284074073 0.3816895385948477 -0.3477459284074073 -0.3675166179713171
1305031467.595989 1.866771916193955 -0.01075598869027352 1.17612027204739 -0.3465700329934451 0.3853011999720929 -0.3465700329934451 -0.3668571793493943
1305031467.627532 1.87098341387724 -0.005208249704899175 1.174002124913194 -0.3466602073431193 0.3854680157115932 -0.3466602073431193 -0.3670577896160521
1305031467.659626 1.869280718451157 -0.002829259103246273 1.174351002559962 -0.3481767831585449 0.3840997142641057 -0.3481767831585449 -0.3673594868537672
1305031467.695886 1.868858788045583 0.005900190353712713 1.177224083141871 -0.3530053076070405 0.3817156702957393 -0.3530053076070405 -0.3704567174495403
1305031467.727535 1.878377027808767 0.001688481927761736 1.156739462010187 -0.3572452664544153 0.3810108099506452 -0.3572452664544153 -0.3794507346490189
1305031467.759907 1.878852553177947 0.01410942419306872 1.159549260446599 -0.3567067475112231 0.3847412044471042 -0.3567067475112231 -0.3819422939369916
1305031467.796075 1.883595971108866 0.02943028333655992 1.154777573332586 -0.3609211200788833 0.3848572616310713 -0.3609211200788833 -0.386340180881892
1305031467.8278 1.888523041264474 0.0347093841834145 1.152283892792488 -0.3622005740767327 0.3865884425013639 -0.3622005740767327 -0.3912448760238532
1305031467.859729 1.879758597457234 0.05431425587186872 1.147765740218606 -0.3656204670163078 0.3868278477751529 -0.3656204670163078 -0.393515043041437
1305031467.895947 1.887297521931161 0.06432851182903447 1.151965746093409 -0.3702409734136566 0.385072901801027 -0.3702409734136566 -0.398545791581828
1305031467.927754 1.882165094637905 0.07176276727073301 1.133161753298914 -0.3783702753395621 0.3837403849623326 -0.3783702753395621 -0.4050676830198963
1305031467.959826 1.880921559953642 0.09803377762548129 1.134346677301645 -0.3856333962919442 0.3892666821597187 -0.3856333962919442 -0.4027279222571937
1305031467.995754 1.874907752264997 0.1228780132943685 1.133055012721875 -0.3921290362568494 0.3904989986968817 -0.3921290362568494 -0.4049807815431871
1305031468.028107 1.87750612172368 0.1269832264818063 1.126569319160421 -0.3922071182680227 0.3919746150069154 -0.3922071182680227 -0.4105082611068218
1305031468.05985 1.870410743812219 0.1525416048688872 1.125309242183498 -0.3926628758167051 0.395600283824442 -0.3926628758167051 -0.4068904117892421
1305031468.095867 1.862243705236583 0.1649573313375085 1.135320690012811 -0.3901248554202634 0.3982225916887128 -0.3901248554202634 -0.4111559662736105
1305031468.127816 1.855298269330964 0.1932792088972967 1.120023721674032 -0.396706572294344 0.4018518968228273 -0.396706572294344 -0.4117354820130614
1305031468.159864 1.84865251605178 0.2126718432766599 1.119141035604043 -0.3976440084871899 0.4037601550861069 -0.3976440084871899 -0.4097017861694782
1305031468.195985 1.83858088258371 0.2317240144117326 1.120609547743749 -0.3978374944576311 0.4064533408966151 -0.3978374944576311 -0.4104620661514536
1305031468.228158 1.828008275862057 0.2432559483780734 1.116814305961569 -0.3950559764947681 0.4080881198773989 -0.3950559764947681 -0.4125825424889222
1305031468.259754 1.816741688145709 0.2657250627184529 1.112582115028591 -0.3952414754991465 0.4078338829312984 -0.3952414754991465 -0.411321068220762
1305031468.29583 1.806458430443181 0.2876930877005053 1.108243366257485 -0.3958770913106202 0.4052344000292303 -0.3958770913106202 -0.4109337530200862
1305031468.327847 1.796337530203922 0.3084951423213342 1.109599280820184 -0.3935497434208871 0.4056628794352491 -0.3935497434208871 -0.4102406361741642
1305031468.359787 1.782337112053839 0.3299822948636477 1.113446227875949 -0.3926759731224111 0.403004045078978 -0.3926759731224111 -0.4104936608056609
1305031468.39586 1.780021267679253 0.3581859632890961 1.114503690194855 -0.3951298480634152 0.3986593899222267 -0.3951298480634152 -0.4112241927425287
1305031468.428025 1.779021957222748 0.3723099821278584 1.129131293173713 -0.3913251187174867 0.3995956784689111 -0.3913251187174867 -0.4073485544705994
1305031468.459759 1.772559952094853 0.3911783018191543 1.133111878111018 -0.391136489552607 0.400094197384561 -0.391136489552607 -0.404589082320592
1305031468.495809 1.764787408040837 0.4028268686284533 1.1379739080119 -0.39169967645313 0.3968126489828712 -0.39169967645313 -0.4042192403578392
1305031468.527756 1.76226878523529 0.4242170993730722 1.148114610365852 -0.3901957478072779 0.398968689789782 -0.3901957478072779 -0.4007395222989411
1305031468.559739 1.752485590637084 0.4409440134957848 1.160782872697865 -0.3860713063600459 0.4029325502887783 -0.3860713063600459 -0.4014328789630747
1305031468.595768 1.7457331323976 0.4512049049302275 1.17197005588469 -0.3837846308307712 0.4075644794696792 -0.3837846308307712 -0.4085017117652591
1305031468.627626 1.739668843021728 0.4591472807519799 1.176200102687495 -0.3825415599754671 0.411761474608292 -0.3825415599754671 -0.4126744426873803
1305031468.659579 1.730910267009186 0.4692396902691683 1.191683490633699 -0.3801781041599368 0.4152537051009419 -0.3801781041599368 -0.4064907598321511
1305031468.695835 1.724823356707756 0.4789248829445226 1.218717264703705 -0.3796167261363839 0.4187926786252776 -0.3796167261363839 -0.4036193821779468
1305031468.727785 1.718831200999513 0.492961126807008 1.233501684685279 -0.3847456257359527 0.4233024884650173 -0.3847456257359527 -0.4047934579381561
1305031468.759628 1.715501451618051 0.5064746714485878 1.245689321583567 -0.3911990998668431 0.4250935507099218 -0.3911990998668431 -0.4049436750950429
1305031468.795796 1.707926891655762 0.5179265201857439 1.256006875759267 -0.3951229523586088 0.4266126550822504 -0.3951229523586088 -0.4032947536875388
1305031468.829247 1.690860620870878 0.528174491144348 1.254279107747601 -0.398145949521604 0.4283615938624635 -0.398145949521604 -0.4074692905170159
1305031468.859659 1.684430452321717 0.5309348335644931 1.264312593756386 -0.3978263942994801 0.4315337928130688 -0.3978263942994801 -0.4162574614087867
1305031468.895873 1.681910677973052 0.5399833149615031 1.269287653099582 -0.396612598687863 0.4332623013801968 -0.396612598687863 -0.4178855085526382
1305031468.928141 1.670168764561402 0.5452050955322112 1.272006448676666 -0.3906928929869498 0.4339883794539642 -0.3906928929869498 -0.4189068870916336
1305031468.959594 1.665704980916932 0.5463505769251559 1.279669323357467 -0.38504631181805 0.4306981141532097 -0.38504631181805 -0.4181875167607176
1305031468.995711 1.662591521612244 0.5451965058636787 1.283247653779039 -0.3800884336732607 0.426456212388894 -0.3800884336732607 -0.4143066293326217
1305031469.027699 1.671637197888982 0.5509260457912485 1.262974150725806 -0.3811152794323982 0.4266650629034206 -0.3811152794323982 -0.4036064374204381
1305031469.059832 1.651002432205798 0.5575995257963979 1.282842747198845 -0.3670253612805703 0.4401480460585165 -0.3670253612805703 -0.38758208453713
1305031469.095723 1.640653077628905 0.558548795264975 1.289573958061165 -0.3591454291564546 0.4484274746300815 -0.3591454291564546 -0.3786295230203638
1305031469.127679 1.634425939589887 0.5671236143701029 1.277826432136209 -0.3546839683064137 0.4588610956434874 -0.3546839683064137 -0.3712922212318923
1305031469.159703 1.619747672284684 0.5793668440863082 1.270992034379654 -0.3432932293104697 0.4690939871317077 -0.3432932293104697 -0.363540198118512
1305031469.19554 1.601070557551262 0.5784709603630181 1.269617704921827 -0.3272346583237875 0.4755364894008638 -0.3272346583237875 -0.3609299999790255
1305031469.227754 1.586221807247647 0.5888171866304148 1.270992768937708 -0.3149326033173954 0.4791010344489484 -0.3149326033173954 -0.3556012223380975
1305031469.259586 1.574110522015266 0.587818759803414 1.263273557718447 -0.3075134852528121 0.479736583034257 -0.3075134852528121 -0.3566466703149619
1305031469.296754 1.565892238201795 0.5885823003291142 1.25959180986712 -0.3010557739534973 0.4840466898015072 -0.3010557739534973 -0.3552094562229411
1305031469.327618 1.556338177727492 0.595006692570065 1.256942316027784 -0.2949060438161065 0.4859236305863314 -0.2949060438161065 -0.3517089010084575
1305031469.359592 1.554947595696889 0.5933332304961882 1.246437081528845 -0.2909561084544374 0.4859832609700296 -0.2909561084544374 -0.3505464738233144
1305031469.395695 1.540467764240396 0.5957685714224733 1.241787119471482 -0.2797670571569953 0.4915923564040299 -0.2797670571569953 -0.3482166430977028
1305031469.427651 1.523691762607704 0.5998228721868702 1.23794584747539 -0.2633453608458795 0.4960261551599427 -0.2633453608458795 -0.3521358410847475
1305031469.459668 1.511655561938672 0.5986765648935656 1.224714704854408 -0.2501180110803316 0.4952485404615246 -0.2501180110803316 -0.3578061594189045
1305031469.495744 1.496439254374189 0.5943934418883239 1.208466446640965 -0.2377875732463899 0.496119123692928 -0.2377875732463899 -0.362684469075002
1305031469.527622 1.47590863986458 0.5807147618574428 1.193182132762194 -0.2263347059938133 0.4950599081618836 -0.2263347059938133 -0.3678738320014211
1305031469.559645 1.476658001851824 0.5820973950561036 1.182805713094059 -0.2267021100990824 0.4955049088883818 -0.2267021100990824 -0.3650053735333613
1305031469.595755 1.466007611797591 0.5805577128264234 1.170178634068743 -0.2235636519455601 0.4970971100151306 -0.2235636519455601 -0.3594383518081496
1305031469.627752 1.469957365332892 0.5787506336325831 1.167248733480513 -0.2182478072347323 0.5011834841452308 -0.2182478072347323 -0.3544402008919506
1305031469.65959 1.459596308555977 0.583154278123608 1.155817393400174 -0.2140389958826094 0.5036787932874918 -0.2140389958826094 -0.3434978387639253
1305031469.695613 1.453877443816689 0.5856471795635831 1.137261569472271 -0.2118577943730373 0.5027526695622374 -0.2118577943730373 -0.3401618062872146
1305031469.727679 1.447422007185309 0.5889411096028873 1.12231558373038 -0.2093353654235692 0.5022137897992408 -0.2093353654235692 -0.3356472374179234
1305031469.759599 1.431579043539883 0.5872952312128608 1.113744342715607 -0.2009033480480936 0.5019355421369379 -0.2009033480480936 -0.3289746659598319
1305031469.795621 1.42007580348658 0.5792294881195843 1.099622311291746 -0.194311959133337 0.4990001570221773 -0.194311959133337 -0.3247705523217115
1305031469.827526 1.401464459059366 0.5814817146011312 1.097275200342494 -0.1891222494203132 0.4998300891402705 -0.1891222494203132 -0.3092180089823531
1305031469.859574 1.392475434562674 0.5770521472977738 1.086556705934435 -0.1887243900512827 0.5001165044300058 -0.1887243900512827 -0.3010802355503428
1305031469.895755 1.384570019660864 0.5765097888861157 1.080452631139179 -0.1875246895088096 0.504079900533231 -0.1875246895088096 -0.2899219165023155
1305031469.927854 1.375553401724469 0.5678265587250171 1.066508327074452 -0.1880907383808608 0.5027519165662896 -0.1880907383808608 -0.2842940323825776
1305031469.959805 1.362533746883154 0.5634097740287156 1.056812669708384 -0.1889169697786015 0.5026148693144536 -0.1889169697786015 -0.2745323921448986
1305031469.995551 1.355109260666483 0.5454279562568305 1.045986085440624 -0.1891289477816642 0.4994884821552929 -0.1891289477816642 -0.2742857587271819
1305031470.027694 1.34743786522761 0.5259994336941446 1.03454281225635 -0.1890035943784275 0.4956225041365581 -0.1890035943784275 -0.2735435905151418
1305031470.059638 1.346484198333674 0.5255147485071455 1.034488771528686 -0.1925467820809348 0.4994072659346978 -0.1925467820809348 -0.2629470593894489
1305031470.095944 1.338486622348456 0.5198608042864737 1.030690839283651 -0.1920582723995476 0.5046542138921822 -0.1920582723995476 -0.2559906689324112
1305031470.127633 1.331470993349717 0.5048189142719475 1.017668530768887 -0.1945075691746159 0.5008274692890566 -0.1945075691746159 -0.2546304113937181
1305031470.159626 1.32159131487996 0.4890254051536451 1.011029324655787 -0.1920244905153168 0.5010045727194904 -0.1920244905153168 -0.2496478944740136
1305031470.196092 1.318446873039045 0.485135424309363 0.9991099923445569 -0.2021247295562712 0.4986505531118354 -0.2021247295562712 -0.239086932668239
1305031470.227618 1.312210680670865 0.4770912875102983 0.9944250909357665 -0.2062278414700758 0.4996497327689768 -0.2062278414700758 -0.2329102722575426
1305031470.259965 1.309090440116885 0.4600018193484131 0.9887682821899545 -0.2069095423763377 0.4979307672606549 -0.2069095423763377 -0.2315814219009917
1305031470.295718 1.302624031908543 0.4265088354892945 0.989467091238272 -0.1973235492230611 0.4944615039940671 -0.1973235492230611 -0.2367417386152274
1305031470.327644 1.296537816916051 0.4084229092448229 0.9840503946855078 -0.1957140939396297 0.4918599797733307 -0.1957140939396297 -0.2322919612464774
1305031470.359624 1.288676936210838 0.3976025578700461 0.9829086345869364 -0.1948524300940075 0.4911118805712167 -0.1948524300940075 -0.2204312004369275
1305031470.395823 1.280610640180241 0.3887855653130473 0.98172442224844 -0.1968369772366964 0.4909771970960817 -0.1968369772366964 -0.2097205241257976
1305031470.427641 1.274329201666436 0.3831363965020802 0.9794542744663182 -0.2018827196698378 0.4902393896486422 -0.2018827196698378 -0.19828591829536
1305031470.459721 1.266895949509768 0.3710617099948861 0.9765156689382825 -0.2041984717754232 0.4916896821407029 -0.2041984717754232 -0.1946840271990314
1305031470.495686 1.258976005560247 0.361752303141712 0.9786983079358441 -0.2053272696074812 0.4947151857748655 -0.2053272696074812 -0.1906937885122867
1305031470.527689 1.251334094897459 0.3436597923256156 0.9783547407572541 -0.2056331861968622 0.4935638261360075 -0.2056331861968622 -0.1929116002683279
1305031470.559677 1.240578272641718 0.3369470923424198 0.9860509387183015 -0.2038925836086506 0.4948942006961922 -0.2038925836086506 -0.1853109702481487
1305031470.59576 1.235345775771831 0.3351869457351087 0.9871405582145758 -0.2071482318642988 0.4967314427219047 -0.2071482318642988 -0.177497276738954
1305031470.627729 1.226738549822144 0.3316670954250294 0.9940097936426935 -0.2067641613402918 0.4973246089548778 -0.2067641613402918 -0.1689669598967476
1305031470.65969 1.223824421738301 0.3381261821000218 0.9912626465603677 -0.2154675735707683 0.4984931048450161 -0.2154675735707683 -0.1573298331226813
1305031470.69563 1.217299076573843 0.3256701534302695 0.9937852418540251 -0.2137185994173476 0.4948905707204539 -0.2137185994173476 -0.1551789756089515
1305031470.727654 1.211757496699803 0.3232917092300223 0.9956428526394647 -0.2166070141960776 0.4951449402640584 -0.2166070141960776 -0.1466640576641205
1305031470.759682 1.20202215121609 0.3219892217541678 1.000627239864913 -0.2183391650230993 0.4934155689854729 -0.2183391650230993 -0.137200099444506
1305031470.795615 1.199747271546169 0.3130153953848837 1.001192866179927 -0.2168245839909638 0.4917945873227936 -0.2168245839909638 -0.1400519701292877
1305031470.827831 1.184996425435419 0.3079246594685761 1.01024455444142 -0.2045737303281925 0.490971737744561 -0.2045737303281925 -0.1317279980414816
1305031470.859645 1.173344466253113 0.3054749349310697 1.021452665612723 -0.2016685565500793 0.4865759335697168 -0.2016685565500793 -0.1252488331487
1305031470.895722 1.170370734049563 0.2997706160248917 1.024686573618267 -0.2066586111077453 0.482678935672335 -0.2066586111077453 -0.1285691111917977
1305031470.927684 1.174696087459198 0.2960213421740486 1.01794062574384 -0.2206244802012234 0.4783731343608386 -0.2206244802012234 -0.1347667874187975
1305031470.959647 1.175352221836917 0.2964480752200115 1.012157224400245 -0.2351694810597117 0.4771561412887695 -0.2351694810597117 -0.1373737726829744
1305031470.995996 1.16338238543571 0.2857841368366277 1.022468521382214 -0.2341085668580674 0.4747082850364721 -0.2341085668580674 -0.145000330565401
1305031471.027644 1.168154512619849 0.2774968132828758 1.016437777411785 -0.2452364613734564 0.4718816016533958 -0.2452364613734564 -0.1603802013562954
1305031471.059636 1.162367285408939 0.2735293551538613 1.020015669603172 -0.2470403100779182 0.4690597733033506 -0.2470403100779182 -0.1683659878788057
1305031471.095777 1.160129292110971 0.2728026043364131 1.027106966692832 -0.2514108212950576 0.4638491725622055 -0.2514108212950576 -0.1745528919650566
1305031471.127663 1.154644164268491 0.2613035370291596 1.02864098618899 -0.2529645333122565 0.4564316009355989 -0.2529645333122565 -0.1864560370088443
1305031471.159649 1.150811592299658 0.2552138055517718 1.031027264596923 -0.2576442014832854 0.449916961374245 -0.2576442014832854 -0.1927391242288352
1305031471.195703 1.153076287442258 0.2536534764438461 1.032370484468633 -0.2661410689636359 0.4415669575208218 -0.2661410689636359 -0.1969817390424928
1305031471.227569 1.149935289616893 0.2508321810415224 1.036558313393878 -0.2665831434875741 0.4356433196386379 -0.2665831434875741 -0.1981919383417614
1305031471.259722 1.145451622802295 0.2445171323339376 1.037934841192687 -0.2649567768835818 0.430336514006246 -0.2649567768835818 -0.2000405073053862
1305031471.296068 1.14081596677185 0.238752724841935 1.038772980586243 -0.2640453627971784 0.4272803203898683 -0.2640453627971784 -0.2023073534083085
1305031471.327642 1.135866555737626 0.2317774809456822 1.041743070135722 -0.2622368962896597 0.4212564535144436 -0.2622368962896597 -0.2054792508534156
1305031471.359615 1.132098999479789 0.2292448968604607 1.047164084140635 -0.2597752551256798 0.4168620462939225 -0.2597752551256798 -0.2084056961396516
1305031471.39573 1.128248150380164 0.2254937047159726 1.050883701531734 -0.2513292976278907 0.4134364675881764 -0.2513292976278907 -0.2103340857596079
1305031471.427704 1.118591775655057 0.2321101076552757 1.063619199515784 -0.2446916315707013 0.4084265726150024 -0.2446916315707013 -0.2024144936950894
1305031471.459647 1.115521894107071 0.2287209258540232 1.069341920785563 -0.2463168283792483 0.39906778620301 -0.2463168283792483 -0.2041736358394289
1305031471.496491 1.114473169880939 0.2243057186679566 1.069402072640296 -0.2495883365713828 0.3936914986801137 -0.2495883365713828 -0.2053554323944142
1305031471.527624 1.111943016531126 0.226597914747459 1.076323779233057 -0.2502680608426671 0.3911934233625462 -0.2502680608426671 -0.1989383911191252
1305031471.559671 1.113885211459713 0.2192636293271078 1.073338941086788 -0.2533463750797249 0.3869520690085701 -0.2533463750797249 -0.2036654444430148
1305031471.595702 1.112220428530474 0.215487726286818 1.074375248195117 -0.2506821891913578 0.3867197211482423 -0.2506821891913578 -0.2055312042776801
1305031471.627621 1.10841357360221 0.2133932928790605 1.078253887823893 -0.2449562429049232 0.3844968378659006 -0.2449562429049232 -0.205570050897135
1305031471.659642 1.108324422075103 0.2097066463097302 1.080827724109459 -0.2414758917424916 0.3813070058599165 -0.2414758917424916 -0.2079009453777509
1305031471.695609 1.106110074908407 0.2033027280728026 1.082419118224563 -0.2356553139326227 0.3777985304588822 -0.2356553139326227 -0.2134941274004624
1305031471.727501 1.108245895494225 0.1932182618246583 1.083018023750811 -0.233811334567859 0.3697014733288538 -0.233811334567859 -0.2203751043464657
1305031471.759702 1.106140117062581 0.1894301222876826 1.090505948684936 -0.2273925801860739 0.3669799020605682 -0.2273925801860739 -0.2182881367431247
1305031471.795801 1.106090582189673 0.1894443258942328 1.093046864250197 -0.2249599667662122 0.3604826228280048 -0.2249599667662122 -0.2164662323169
1305031471.827639 1.106053029976761 0.1886348802963271 1.098893284442154 -0.220377195705015 0.3510153682204711 -0.220377195705015 -0.2141050246970335
1305031471.859665 1.108249268201736 0.1828089235581737 1.0966480475991 -0.2180094441463386 0.3438884556767059 -0.2180094441463386 -0.2130846770349663
1305031471.895604 1.101053834270248 0.1848275959794073 1.105692367291771 -0.2105155485281482 0.3391270359741212 -0.2105155485281482 -0.2027521050350306
1305031471.927651 1.101105972045595 0.1770498975454913 1.10548704040631 -0.2060668938883998 0.3323599769805314 -0.2060668938883998 -0.2024886262557464
1305031471.959643 1.097852072111692 0.1756957009422459 1.105388659793537 -0.1996225301229931 0.3297044186629651 -0.1996225301229931 -0.1965515978564997
1305031471.995573 1.093800109507901 0.1777370238341895 1.108485911690114 -0.1921610455088741 0.3270522636957095 -0.1921610455088741 -0.1933417503688812
1305031472.027638 1.091582520490438 0.1581548603826195 1.105242938588404 -0.1814481695926425 0.319777100558329 -0.1814481695926425 -0.2045179716682077
1305031472.059668 1.084961750892172 0.1503642329534527 1.105179365298112 -0.1700323439411446 0.3184021119036438 -0.1700323439411446 -0.2002947417095745
1305031472.095601 1.079022505164521 0.1527734004154799 1.104290339078962 -0.1660903091325447 0.314556108870547 -0.1660903091325447 -0.1954302178401214
1305031472.127594 1.07872367888419 0.1440243237727027 1.102527638289425 -0.162923869682725 0.3079752539256516 -0.162923869682725 -0.1996167840726076
1305031472.159645 1.078264537960717 0.1392567507826747 1.10489961493235 -0.1605257420806544 0.3045295894974712 -0.1605257420806544 -0.1935591842242207
1305031472.195682 1.072619731548303 0.1449424634761161 1.108194166789194 -0.1598291838183068 0.3037768843116992 -0.1598291838183068 -0.1845755098147551
1305031472.227626 1.066148109255562 0.1424453972265307 1.109682853203067 -0.15815879681237 0.298375124574523 -0.15815879681237 -0.1868001536911511
1305031472.26384 1.066539391852827 0.1396478067106576 1.112394536409938 -0.1598206053426561 0.2948970057641396 -0.1598206053426561 -0.1883339728072084
1305031472.295671 1.064582437163715 0.1409506586757482 1.113280663784042 -0.1595929215678731 0.294833450201551 -0.1595929215678731 -0.1903896343779205
1305031472.327678 1.058944295391326 0.1380856404904643 1.118385575577462 -0.156342318021329 0.2911277989024973 -0.156342318021329 -0.1969432990260191
1305031472.363577 1.066715374708241 0.133564293143301 1.115701908284791 -0.1627152689424113 0.2875089719631119 -0.1627152689424113 -0.2055771719860919
1305031472.395599 1.060521052572055 0.1287706041738859 1.115786433800252 -0.1584832212452023 0.2854925198140765 -0.1584832212452023 -0.2073945485801783
1305031472.427686 1.055808508842665 0.1319209444584531 1.119549336149278 -0.1592543215565794 0.2845212121880613 -0.1592543215565794 -0.2036352609021498
1305031472.463603 1.054353815720188 0.1332102333181014 1.121642200800097 -0.1624908900921395 0.284537953037919 -0.1624908900921395 -0.2041383845728042
1305031472.495626 1.055482716353978 0.1312526804093791 1.121582606798311 -0.1636879943987455 0.2843535364078785 -0.1636879943987455 -0.2085863670366737
1305031472.527625 1.057873119772581 0.1312434940944203 1.119895354559475 -0.1635393851198366 0.2851757812098433 -0.1635393851198366 -0.2115888920080905
1305031472.563587 1.05968664275797 0.138224294639683 1.121653179997954 -0.1641297961299662 0.285752331539437 -0.1641297961299662 -0.2104049779860243
1305031472.595675 1.060482618419489 0.1442272516220334 1.121515456265983 -0.1691458920819232 0.2832081039327784 -0.1691458920819232 -0.2133727955988896
1305031472.627701 1.067901330414443 0.143778638553172 1.121545528803728 -0.1756762401702645 0.2814105927992592 -0.1756762401702645 -0.2181619441244725
1305031472.663575 1.066759125819792 0.1479663743522056 1.123494225942008 -0.176285308103647 0.2812090368166201 -0.176285308103647 -0.2163566767627935
1305031472.695755 1.065120427132914 0.1541852406777179 1.127051166311285 -0.1771578101744155 0.2807197037924153 -0.1771578101744155 -0.2138913419066312
1305031472.727628 1.066625592371016 0.157557852109007 1.127127024638733 -0.1800891786706584 0.2803125405053407 -0.1800891786706584 -0.2152616197086229
1305031472.763578 1.063707783612242 0.1620004079950235 1.130582288725954 -0.1798724521461711 0.2804093140793153 -0.1798724521461711 -0.2156384669342082
1305031472.79564 1.06462703167286 0.159974467619182 1.12928501822993 -0.1792265892275451 0.2817491439430779 -0.1792265892275451 -0.2219372093157327
1305031472.827627 1.063630729913223 0.1639053200170171 1.131375515399245 -0.178108072672207 0.2821937569104521 -0.178108072672207 -0.2228648125874956
1305031472.863598 1.062973771436015 0.1641389516126136 1.130739349268338 -0.1772854209542981 0.2820771883551886 -0.1772854209542981 -0.2271721076857895
1305031472.895713 1.062546713350299 0.1653688691324559 1.130307827673659 -0.1786210955194151 0.281226974646085 -0.1786210955194151 -0.2295493190488766
1305031472.927685 1.062977401692192 0.1630134314502585 1.128744496877192 -0.1805020296516356 0.2794717130431871 -0.1805020296516356 -0.2312542298680921
1305031472.963756 1.062977441425591 0.1630134394547021 1.128744487460511 -0.1805020296516356 0.2794717130431871 -0.1805020296516356 -0.2312542298680921
1305031472.995704 1.062024936405649 0.1624820964261473 1.130650025302314 -0.179348421716331 0.2791446005223369 -0.179348421716331 -0.2308474339992991
1305031473.027638 1.062219395676514 0.1639831651514909 1.131279501611234 -0.1796413290702323 0.2795817937912061 -0.1796413290702323 -0.229771955486853
1305031473.063684 1.062858685598709 0.1627338631282685 1.129909628849488 -0.181455293953973 0.2797557718655777 -0.181455293953973 -0.2306241210025682
1305031473.095695 1.062858612320487 0.1627338376194224 1.129909673491122 -0.181455293953973 0.2797557718655777 -0.181455293953973 -0.2306241210025682
1305031473.127744 1.064071707250974 0.1686903909829618 1.130077709397668 -0.182861291198037 0.2804919478719091 -0.182861291198037 -0.2284728992602291
1305031473.16706 1.062959128699921 0.1675494001461293 1.129930088087303 -0.1820741813017238 0.279297740701398 -0.1820741813017238 -0.2289348149529927
1305031473.196069 1.060799110842856 0.1704916880559006 1.129307067697867 -0.182825292791349 0.280546369835079 -0.182825292791349 -0.2281889489737354
