1305031453.3595 1.3112 0.8507 1.5186 -0.089797337548412 0.2361929969814578 -0.089797337548412 -0.3908884103304481
1305031453.39169 1.314051652047145 0.8433837125170428 1.522223193654974 -0.08619843521338981 0.2232216596198804 -0.08619843521338981 -0.3905525881962565
1305031453.423683 1.312369592722144 0.8325237732811953 1.527617621898672 -0.08099280349560474 0.2143440245345551 -0.08099280349560474 -0.3928521611498138
1305031453.459685 1.320307119533021 0.8218526474860374 1.539667876264395 -0.0778321256794865 0.2055706093370164 -0.0778321256794865 -0.3953170160339097
1305031453.491698 1.328671117633659 0.8102247857989263 1.547695274485887 -0.07583049819245198 0.1941620334419237 -0.07583049819245198 -0.3994943338724314
1305031453.523684 1.334342925725846 0.7970670445737281 1.552960141731136 -0.07582028509443307 0.1827069950059933 -0.07582028509443307 -0.4064104631622382
1305031453.559753 1.338120862505831 0.7868544799090408 1.557145633734561 -0.07665994133153682 0.1751179890803874 -0.07665994133153682 -0.4126827209419885
1305031453.59164 1.343989021212707 0.7701018996840704 1.563358096914987 -0.07713723182700483 0.1690603119234655 -0.07713723182700483 -0.4200718912574725
1305031453.627706 1.34021326427229 0.7534373457134794 1.566652012052946 -0.07686241771590585 0.1627653534876965 -0.07686241771590585 -0.4268886672155655
1305031453.6596 1.337024204148262 0.7325432422359428 1.580893813760391 -0.0790594244206477 0.1631750224621073 -0.0790594244206477 -0.4312205978958565
1305031453.691678 1.347476021044609 0.7182136142714383 1.574893242144819 -0.08665809570953617 0.1693100253018654 -0.08665809570953617 -0.4386007439672158
1305031453.727652 1.347950874099533 0.6994486002453271 1.575612406624228 -0.09053458741802989 0.1749633146091525 -0.09053458741802989 -0.4424991651999611
1305031453.759694 1.333440179683542 0.6803222328744229 1.580338835859906 -0.09096122566330976 0.1833540665960746 -0.09096122566330976 -0.4452688270187697
1305031453.791716 1.348127665695845 0.6666407031990194 1.570082553561567 -0.1027090030848945 0.1934871755052378 -0.1027090030848945 -0.4502901511261427
1305031453.827773 1.330008375450708 0.6489028825255551 1.559162804487112 -0.1024180066367607 0.1994679483245069 -0.1024180066367607 -0.4547676054179716
1305031453.859705 1.320210736807542 0.6348541352516166 1.55631576895345 -0.1098671947822185 0.2099516235932078 -0.1098671947822185 -0.4546219830132724
1305031453.89171 1.306880942113035 0.6119008898371407 1.563367778041763 -0.1186013808530161 0.221491942986323 -0.1186013808530161 -0.4501255417168638
1305031453.927723 1.29101334188535 0.5984657711115376 1.566362612406306 -0.1298517669398804 0.2317191877550418 -0.1298517669398804 -0.4430052737855528
1305031453.959641 1.291056234495377 0.5885128894369699 1.573294930562538 -0.1416727703296697 0.2457144654799782 -0.1416727703296697 -0.4357640035275614
1305031453.991624 1.289769431777024 0.5859986162682328 1.58913856204647 -0.1496115486049343 0.2613520272643755 -0.1496115486049343 -0.4268187154679562
1305031454.027662 1.278245363045615 0.5732954663301263 1.593120404080844 -0.1560827140689461 0.2734934041796129 -0.1560827140689461 -0.4260417305571317
1305031454.059654 1.272664218796805 0.5667811849712605 1.590045292028097 -0.1637718049789003 0.2873584838535974 -0.1637718049789003 -0.4242573132654782
1305031454.091651 1.261726158830288 0.5620181098323561 1.593841890974766 -0.1679405019034033 0.3038830787158412 -0.1679405019034033 -0.4204304413466067
1305031454.127701 1.255751784971883 0.5547077474982907 1.591053734051146 -0.1768766499541512 0.3207420014470226 -0.1768766499541512 -0.4205415257577536
1305031454.159672 1.264806924846563 0.5559517005056724 1.595411011361086 -0.1926917641909212 0.3384951280123951 -0.1926917641909212 -0.4142988694164617
1305031454.191658 1.271056119234559 0.5568184138814795 1.592203156786468 -0.2081969059754415 0.3565217298603937 -0.2081969059754415 -0.4074238032389529
1305031454.227671 1.250822594741361 0.5536465059572133 1.584339262412048 -0.2167050041515257 0.3747758609266075 -0.2167050041515257 -0.4047596097881845
1305031454.259627 1.231977529286271 0.5261579258537534 1.562416308870019 -0.2183241618180869 0.3901497517459527 -0.2183241618180869 -0.4164976481708064
1305031454.291639 1.223312991325244 0.5175267458798378 1.552006499422142 -0.2202413655651483 0.3997042516152227 -0.2202413655651483 -0.4135080918548832
1305031454.327699 1.21173194182848 0.518929563898525 1.558657289896113 -0.2244524882647161 0.4128741980998875 -0.2244524882647161 -0.4061225555485781
1305031454.359636 1.204260688644814 0.5126064673107895 1.538995183378836 -0.2330056896984542 0.4265527294717293 -0.2330056896984542 -0.4117467592885304
1305031454.391677 1.203276350271 0.505070395077146 1.538161109862507 -0.2351849413615088 0.4409548959387827 -0.2351849413615088 -0.4119288812908335
1305031454.427465 1.199891171450056 0.5035089478168797 1.539666016608875 -0.2421146069903035 0.4592413827045982 -0.2421146069903035 -0.4078995688297888
1305031454.459913 1.19467314925873 0.4959997050059831 1.518686719133063 -0.2467109013368504 0.4751273282457709 -0.2467109013368504 -0.4129140634923331
1305031454.491617 1.190931498041035 0.4908705245854725 1.519773991098476 -0.2439483211317417 0.4905816385404277 -0.2439483211317417 -0.4122684187890465
1305031454.5277 1.191126763912122 0.4844896946589226 1.519051207553321 -0.2427767626180009 0.5057268802199817 -0.2427767626180009 -0.4093234091968769
1305031454.559575 1.191603816156743 0.4720535850748357 1.517964477733711 -0.2399150558390455 0.51900316340724 -0.2399150558390455 -0.4063117102915892
1305031454.591635 1.189329817644539 0.460647272351728 1.51703783354298 -0.239970928012275 0.5340146819405894 -0.239970928012275 -0.4007215992482479
1305031454.62758 1.192596286362823 0.4626919969732656 1.515651135629316 -0.2484474552846541 0.548866519926561 -0.2484474552846541 -0.3914670456992282
1305031454.659528 1.198714126231738 0.4595572528913344 1.508694138682628 -0.2568545326569034 0.5594519347272116 -0.2568545326569034 -0.381692616270969
1305031454.691884 1.199820919235137 0.4598756579927525 1.512461783394698 -0.2646448768836027 0.5713213720278608 -0.2646448768836027 -0.3680401059572867
1305031454.727659 1.204139277809046 0.467625137539969 1.503470857835894 -0.2765421289761862 0.5806368041105523 -0.2765421289761862 -0.3588519437345957
1305031454.759732 1.210858213401892 0.4741979785211797 1.499609400341906 -0.284724689871749 0.5801979718997128 -0.284724689871749 -0.348974964049051
1305031454.791641 1.217455054688603 0.4701624729009289 1.499825697248428 -0.2877774341940713 0.5758782708137955 -0.2877774341940713 -0.3434296444092976
1305031454.82757 1.2244854221835 0.4752491219828867 1.48608961977626 -0.2937535101261707 0.5719168189391797 -0.2937535101261707 -0.3385498381096864
1305031454.85962 1.225839295111708 0.4782112986462737 1.480529145950143 -0.2935584870201782 0.5667966781419616 -0.2935584870201782 -0.3325727078577249
1305031454.891764 1.232151196855542 0.4752873259598896 1.476585824741494 -0.2912117510526471 0.5606209345539801 -0.2912117510526471 -0.3313630217368258
1305031454.927567 1.240057873259224 0.467355308809055 1.470398924807193 -0.287727133876677 0.5540724685798896 -0.287727133876677 -0.3316360598335978
1305031454.959648 1.242894187827307 0.4592238338376127 1.467960124050782 -0.2839009407501319 0.5476775702740044 -0.2839009407501319 -0.3302819689638665
1305031454.991937 1.244957285632017 0.4451976095350723 1.466572307796172 -0.2806837463332192 0.5424427592607257 -0.2806837463332192 -0.3310118453960694
1305031455.027799 1.251392611515489 0.4312639250327867 1.462111798300474 -0.279947915834948 0.5394080874075153 -0.279947915834948 -0.3331470787766518
1305031455.059636 1.25029591371649 0.4271248036147196 1.459409734449755 -0.278350114793754 0.5371257887077885 -0.278350114793754 -0.3309084131805449
1305031455.0917 1.250434451954707 0.4181312801200464 1.460448446435922 -0.2758884261147495 0.5351493954278466 -0.2758884261147495 -0.3328828165399831
1305031455.127695 1.254132707351863 0.4022759955381521 1.457947849492942 -0.2711570879401631 0.532510193372267 -0.2711570879401631 -0.3373057180153541
1305031455.15972 1.252374967116717 0.3884480820447058 1.454759444411885 -0.2680321648201264 0.5279062800576503 -0.2680321648201264 -0.3385473380635106
1305031455.191655 1.247525368650285 0.3715034436714014 1.450741452480676 -0.264949346574499 0.5217614348539678 -0.264949346574499 -0.3377950387926881
1305031455.227581 1.242218413846175 0.3568878961238916 1.44921715512992 -0.2631428922917798 0.5152494005742143 -0.2631428922917798 -0.338929906306608
1305031455.259631 1.240979105909578 0.3458865980963059 1.438815784111143 -0.2629744263703258 0.5081218528231569 -0.2629744263703258 -0.337940616418075
1305031455.291831 1.234355539362387 0.3303774237467614 1.44415341428127 -0.2566473160366063 0.4996978055482001 -0.2566473160366063 -0.3323503120267082
1305031455.327766 1.229186330575869 0.31173505922655 1.441332106580076 -0.2563197347925256 0.4895956405305027 -0.2563197347925256 -0.329036258883222
1305031455.35963 1.22915872095537 0.3028903087484239 1.435604261272079 -0.2562655319919815 0.4861258213228457 -0.2562655319919815 -0.3234474578016838
1305031455.391665 1.218390877886255 0.2973932302645587 1.437397956851113 -0.250223489697473 0.4798720455054286 -0.250223489697473 -0.3145794562365992
1305031455.427642 1.212377884364307 0.2880460279396165 1.437786741014059 -0.2480687791168488 0.4696127999529536 -0.2480687791168488 -0.3087106564467599
1305031455.459589 1.202225417440099 0.2754555028613894 1.441723056915198 -0.2460881403813188 0.4610604754987949 -0.2460881403813188 -0.3048259196750719
1305031455.491637 1.194856501628992 0.2591616257435682 1.440813669890272 -0.2454532307499836 0.4509392658916597 -0.2454532307499836 -0.3029547150263107
1305031455.52761 1.182618601503636 0.2484514438012543 1.449794673949831 -0.2458377620706317 0.4377446936149497 -0.2458377620706317 -0.2959667407089566
1305031455.559669 1.170586802973845 0.2330887110338001 1.45196587912779 -0.2512219747388599 0.4248707575412627 -0.2512219747388599 -0.2932999484771819
1305031455.591645 1.163821286914465 0.2170724169941032 1.460419871652137 -0.2559876022938883 0.4125192805646177 -0.2559876022938883 -0.2892942152431258
1305031455.627617 1.154606754186283 0.2062987267738874 1.464721132556227 -0.2577994372248175 0.4025868156572073 -0.2577994372248175 -0.2850041797920682
1305031455.659615 1.143168078015283 0.1916560926432982 1.475050330627797 -0.2584580440753957 0.3951396435659895 -0.2584580440753957 -0.2874801982633436
1305031455.691605 1.132060112298387 0.1759828940941316 1.486242703864622 -0.2560583161108664 0.3940606224455065 -0.2560583161108664 -0.2904493140631427
1305031455.727628 1.12190628751953 0.1624452565716589 1.498541809227056 -0.2506586449420859 0.3969971682082606 -0.2506586449420859 -0.2933014924834897
1305031455.759683 1.113568337929817 0.1512626045414878 1.51441163541233 -0.2438073777600935 0.3977892251045357 -0.2438073777600935 -0.2949665966965539
1305031455.791666 1.101380029975187 0.14494745747306 1.5292646422215 -0.240149616954946 0.3951111596396645 -0.240149616954946 -0.2955585134207436
1305031455.82759 1.090920136585421 0.1271357517653591 1.549179792163636 -0.2348685259844979 0.3930709149362325 -0.2348685259844979 -0.2985994815373237
1305031455.859526 1.081744609387194 0.1129021057885347 1.56196612348893 -0.2314602058639733 0.393273258401233 -0.2314602058639733 -0.300406533190811
1305031455.891657 1.076299999370694 0.1007684741132692 1.568918159913152 -0.2293848032089941 0.3924668468831455 -0.2293848032089941 -0.3031011021645764
1305031455.927955 1.06906525568046 0.0882175820591089 1.578773555661453 -0.2256143278913934 0.3912165972315426 -0.2256143278913934 -0.3044364845402923
1305031455.959716 1.064134600090852 0.07818111341645764 1.586189814741919 -0.2219168495197298 0.3930132814483377 -0.2219168495197298 -0.3072349300090688
1305031455.991694 1.060210131701534 0.07637362226345291 1.590798646784398 -0.2188196438422749 0.3947217275451266 -0.2188196438422749 -0.3063700641251487
1305031456.02777 1.063988010513278 0.06587882110447421 1.595876321627228 -0.21313758342461 0.3949476338084952 -0.21313758342461 -0.3052554688844527
1305031456.059713 1.04950452521488 0.06767636228771495 1.614198127403357 -0.2022976741478401 0.4008038631084251 -0.2022976741478401 -0.2940086031933992
1305031456.091707 1.03986259627867 0.0615281311722281 1.622901728432336 -0.1944176294043807 0.4046631183086424 -0.1944176294043807 -0.2914626834700296
1305031456.127645 1.034610193440318 0.06592429701534329 1.629953651417313 -0.1930417804812679 0.4053580796817781 -0.1930417804812679 -0.2889314863395758
1305031456.159731 1.023352608846802 0.07327386501224049 1.642970080503658 -0.1886361482162372 0.404605792248795 -0.1886361482162372 -0.2852033622212286
1305031456.191658 1.014585417688502 0.08246672869352031 1.64606491630364 -0.187256382200679 0.400087655421726 -0.187256382200679 -0.2893942087887112
1305031456.227678 1.011797324328374 0.06421061409967659 1.656373750472899 -0.176542635137186 0.3954505858964694 -0.176542635137186 -0.2985844478703655
1305031456.291675 0.9769946508639924 0.06102142658800049 1.667996890511485 -0.1555658737477062 0.3817243837177497 -0.1555658737477062 -0.3046281111751269
1305031456.327718 0.9675133854014697 0.06677027529821254 1.669242291488551 -0.1517581053826209 0.372597747376723 -0.1517581053826209 -0.3093794041937479
1305031456.391619 0.9442571783894643 0.06806713566831424 1.664381054568848 -0.136103714591839 0.3548089568137402 -0.136103714591839 -0.3181759529212468
1305031456.427662 0.9251419654858519 0.06039082841455079 1.66012515016625 -0.1285939529984466 0.3434086786710465 -0.1285939529984466 -0.3283516900935338
1305031456.491677 0.8892198940115111 0.03037011681951382 1.645327261843308 -0.1200645898880154 0.3278521304370615 -0.1200645898880154 -0.3284685984932899
1305031456.527641 0.8728754629819534 0.02370511135002151 1.634486709508259 -0.1208369443582594 0.3233676125736636 -0.1208369443582594 -0.3243282666579347
1305031456.591651 0.8502647936527009 0.02796021292094167 1.613225357054073 -0.1232590914192204 0.3119839801555686 -0.1232590914192204 -0.3222777005023271
1305031456.627612 0.8381108468284774 0.03037765558079284 1.596961369584188 -0.118571967328043 0.3066337179064391 -0.118571967328043 -0.3102200712857304
1305031456.691612 0.7999241983705631 0.03752771324110576 1.592194620366362 -0.1128076256532704 0.2894563553246052 -0.1128076256532704 -0.299302423805081
1305031456.727693 0.7904897862666092 0.02368195447359191 1.572899196125604 -0.1146403866789707 0.2796405966530889 -0.1146403866789707 -0.2990323679030837
1305031456.791649 0.7513341790965166 0.03536599115064307 1.58120323274183 -0.1266670481637771 0.2712437451557791 -0.1266670481637771 -0.2838989594796256
1305031456.827603 0.7467143155268164 0.02056061782643323 1.564110141417901 -0.1316697612857864 0.2652117651593077 -0.1316697612857864 -0.2868994097237433
1305031456.891672 0.7160569364037166 0.03450379809469855 1.554446504638806 -0.1306251523191987 0.2542546684083741 -0.1306251523191987 -0.2715244792225182
1305031456.92769 0.7019511638227539 0.0330329893782343 1.5479177285097 -0.1285908665895393 0.2453164712436525 -0.1285908665895393 -0.2754674778589054
1305031456.959667 0.6926429619391548 0.01077407056882009 1.533415510746349 -0.1228843848510772 0.2368468764034118 -0.1228843848510772 -0.2818218792963914
1305031456.991709 0.6770500328082456 0.006055419195225906 1.526013310635598 -0.1157143409125798 0.2345209521610844 -0.1157143409125798 -0.2773844953139892
1305031457.027648 0.6651638176578382 0.00497003965895787 1.523069411353593 -0.1133839170023084 0.2299673317899076 -0.1133839170023084 -0.2750350616323717
1305031457.091655 0.6455978236399362 -0.007452702737712293 1.520622048360181 -0.1038006111808685 0.2171412481273352 -0.1038006111808685 -0.2637347788555323
1305031457.127632 0.6303258361105397 -0.008474390164819195 1.524548727047707 -0.09741736929786178 0.212001011894798 -0.09741736929786178 -0.2605276136735936
1305031457.191735 0.6045759757945808 -0.03592821591438616 1.529561295839154 -0.08360999702683707 0.1937122006222695 -0.08360999702683707 -0.2688432085625823
1305031457.227543 0.5946940350904786 -0.0372012227334964 1.540790400220606 -0.07915454667886926 0.1852816709383228 -0.07915454667886926 -0.2615411358490733
1305031457.291656 0.5725154484758516 -0.05004887037501064 1.560695812577066 -0.07088484177009363 0.1662786170583309 -0.07088484177009363 -0.2707805065869923
1305031457.327548 0.5620195390614338 -0.06680626555766642 1.565407811549372 -0.06197976546893515 0.1585351276186611 -0.06197976546893515 -0.2772936045432364
1305031457.391684 0.5337480498495014 -0.08944601140201676 1.584961306639037 -0.04349081820909935 0.136723651440698 -0.04349081820909935 -0.287640601721448
1305031457.427641 0.5211535944818545 -0.1034854083932622 1.592865153181269 -0.03879870113283061 0.1258924852481431 -0.03879870113283061 -0.2919301115247135
1305031457.491705 0.5014081061177718 -0.1194774670015987 1.613170182630418 -0.0375022257325821 0.1182917013957782 -0.0375022257325821 -0.2932671951505603
1305031457.527638 0.4922380111708962 -0.1249961556937017 1.627641488328341 -0.03658440330671323 0.1134923394202149 -0.03658440330671323 -0.2957928930525659
1305031457.559685 0.479154969830852 -0.1382183780108404 1.636971099077676 -0.03230138098751317 0.107895342799825 -0.03230138098751317 -0.3017548628422186
1305031457.591678 0.4633841206774723 -0.1533707206254314 1.644951840412178 -0.0280175228923758 0.1018700289953556 -0.0280175228923758 -0.3066322097067093
1305031457.627526 0.4456248750723747 -0.1557333569046996 1.65705341968019 -0.02489661381708018 0.09797572810586502 -0.02489661381708018 -0.3054597594905292
1305031457.659632 0.438912064732158 -0.17099090757238 1.659972669109015 -0.02659402045351743 0.09315221738704288 -0.02659402045351743 -0.311494387038934
1305031457.69157 0.4208052051484266 -0.1791705053687088 1.673271893201413 -0.0236360373078178 0.08982528708729721 -0.0236360373078178 -0.3051994637434514
1305031457.727669 0.4059306209444517 -0.1702367578014782 1.693354177329014 -0.0215979245404785 0.08973403604487455 -0.0215979245404785 -0.2990290811365667
1305031457.759556 0.3941397082599297 -0.1740200722292443 1.705502117435444 -0.0199714037515264 0.08955836794314834 -0.0199714037515264 -0.302203188098504
1305031457.791567 0.3883734616904157 -0.1640821784781849 1.727829240762168 -0.02015317184736595 0.08818344267771587 -0.02015317184736595 -0.3036018228197578
1305031457.827699 0.3842999126169708 -0.1837896231033132 1.722136914186339 -0.01816014813396636 0.08211738558485725 -0.01816014813396636 -0.3204946695400132
1305031457.859623 0.3685110665098208 -0.183112519511577 1.738694971839077 -0.009311439440685571 0.07976516891061854 -0.009311439440685571 -0.3216733528170594
1305031457.891593 0.3517364651266667 -0.1742680974026356 1.762592078257099 -0.005090182566586763 0.0724507698248496 -0.005090182566586763 -0.3247636313059016
1305031457.927633 0.3429463213461418 -0.1911001420542866 1.762004642255843 -0.005887021224638645 0.06700509368570541 -0.005887021224638645 -0.3413064275770087
1305031457.991644 0.3111170943170978 -0.1940375389529528 1.7738811604905 -0.006109031675905929 0.06025554291287392 -0.006109031675905929 -0.3512044782012627
1305031458.027845 0.3083884560254108 -0.1951625028801461 1.777126774913129 -0.008097979819464564 0.05919322744990262 -0.008097979819464564 -0.3615069224030569
1305031458.059689 0.2908062430514777 -0.2145752870498466 1.761680289260479 -0.003978926618995281 0.05384269723767244 -0.003978926618995281 -0.3765173880866731
1305031458.09169 0.2712877270395586 -0.2174476356647662 1.756775236973493 0.001639204639505123 0.05159267030519118 0.001639204639505123 -0.3778824323205833
1305031458.127605 0.2450136574268246 -0.2155901481847049 1.748334738564682 0.008281051817397486 0.0484431305613288 0.008281051817397486 -0.3788009669738367
1305031458.159638 0.2196884937741301 -0.2096394703577405 1.746969259229863 0.01182177293793321 0.0450433402084291 0.01182177293793321 -0.379829820673237
1305031458.191646 0.1987774773846636 -0.2124288200736656 1.736619163440338 0.01102308036021821 0.03938669518733322 0.01102308036021821 -0.3807153971992498
1305031458.227611 0.1842069688028427 -0.2095914291094867 1.731397623816777 0.00827700057009592 0.03982567864542968 0.00827700057009592 -0.3742535939027584
1305031458.259934 0.1574663307397822 -0.1702050381830684 1.719799240257336 0.006361616036947856 0.03961191837216356 0.006361616036947856 -0.3697568067127386
1305031458.291664 0.1344241607760148 -0.1717932236832357 1.712171710548188 0.003309928396102682 0.04185460394154011 0.003309928396102682 -0.3792356692477665
1305031458.327628 0.1259288004523776 -0.1731251364893449 1.714203035500845 -0.006059927183493608 0.0413938540760839 -0.006059927183493608 -0.3791762399596966
1305031458.35959 0.09010570472928456 -0.1511509103728879 1.709120832228509 -0.007586250242824005 0.03551439757055254 -0.007586250242824005 -0.3844655736753189
1305031458.391626 0.07805421633196703 -0.1546534245343686 1.702438739590064 -0.01295329897859077 0.03458074684093007 -0.01295329897859077 -0.3959801435842603
1305031458.427598 0.06527705261706661 -0.146953983376895 1.690044850603716 -0.01747533943812605 0.02405458353635855 -0.01747533943812605 -0.4028987194335458
1305031458.459637 0.05525576163680319 -0.1342931063752056 1.686937695010449 -0.01825116869094608 0.01474770257954827 -0.01825116869094608 -0.4108673768725065
1305031458.491696 0.04964111223363718 -0.1121990592876403 1.685937842320513 -0.01473244417635128 0.008393593201860295 -0.01473244417635128 -0.4258587268453898
1305031458.527737 0.05140706315757808 -0.1098609049715717 1.661702552651193 -0.01471862095802555 0.003486899551347943 -0.01471862095802555 -0.4418675593394987
1305031458.559628 0.04183062948971193 -0.1034271103839425 1.644784908810036 -0.007720721723339658 0.0007728493953836233 -0.007720721723339658 -0.4500280942446833
1305031458.591641 0.01556554623154176 -0.1006760471481883 1.626288750411937 0.002702047772256483 0.001223212483872385 0.002702047772256483 -0.4617191378633322
1305031458.627659 0.004117738433104104 -0.1131086699285569 1.599545078871105 0.005549110427757202 0.005215075795300879 0.005549110427757202 -0.4683771175821561
1305031458.659623 -0.007494038741964424 -0.09575454614726173 1.564432583516463 0.001971961570367029 0.00465994116471169 0.001971961570367029 -0.4650708854467199
1305031458.691674 -0.01929607124157166 -0.07964591564751958 1.547969071933574 -0.007570300870028728 0.01932987266995554 -0.007570300870028728 -0.457184184619672
1305031458.72765 -0.02323936902024146 -0.05669875197339769 1.541529477480665 -0.01856195800683282 0.03314576143316316 -0.01856195800683282 -0.4530321923532892
1305031458.759945 -0.03068039630737293 -0.05229553404312538 1.511929966155891 -0.02984919629542227 0.04963120119315086 -0.02984919629542227 -0.4618824051707452
1305031458.791632 -0.02640402004406605 -0.05245895712013638 1.502728221331102 -0.04324079224935969 0.06512449711822901 -0.04324079224935969 -0.4590219158154759
1305031458.827564 -0.02197501860920858 -0.03477344994295423 1.485258904754497 -0.05358501962800326 0.07116924101939993 -0.05358501962800326 -0.4524662911856588
1305031458.891665 -0.02074574369831643 -0.01515802956325353 1.481277946341604 -0.05741164057461747 0.08152569210253459 -0.05741164057461747 -0.4565429743429429
1305031458.927621 -0.03442512536891063 -0.01791614605383093 1.469865615398012 -0.05084160212194929 0.07158499515621987 -0.05084160212194929 -0.4571165173117235
1305031458.959617 -0.04732593811040506 -0.007907263225695207 1.472915286620889 -0.04711532838645259 0.0584878720459632 -0.04711532838645259 -0.4471233362467258
1305031458.991647 -0.07108247357664019 0.005297549381695766 1.455759855811565 -0.04016927589070408 0.06146531157311557 -0.04016927589070408 -0.4561104919393446
1305031459.027665 -0.09339587605740199 -0.0005763097054158894 1.462354706277411 -0.04097025968747445 0.06075959362403091 -0.04097025968747445 -0.464791463281806
1305031459.059631 -0.1008253768983975 -0.007844952381584083 1.464124825425771 -0.05364430592568929 0.05586747211459503 -0.05364430592568929 -0.470260379669893
1305031459.127618 -0.1008253768983975 -0.007844952381584083 1.464124825425771 -0.0536443059256893 0.05586747211459503 -0.0536443059256893 -0.470260379669893
1305031459.159639 -0.09464743166443106 -0.0002922260065245427 1.464099989086001 -0.08580902504130246 0.06411464979852356 -0.08580902504130246 -0.4705969966727523
1305031459.191674 -0.1006274338790349 -0.002201881146036276 1.467767044332678 -0.107412251833319 0.06338224540692551 -0.107412251833319 -0.469662217401206
1305031459.227607 -0.1256588348335744 0.006338575245782603 1.455087806223736 -0.1209833610508656 0.05550487014471125 -0.1209833610508656 -0.4685873155148321
1305031459.25976 -0.120338807733133 0.01474010413053123 1.444811210964843 -0.1294774869573074 0.05109352941829863 -0.1294774869573074 -0.4663497631610838
1305031459.327632 -0.1296836578021885 0.02124636392749445 1.40938105908834 -0.1110887351669871 0.01917445581720267 -0.1110887351669871 -0.4689209177184865
1305031459.359651 -0.1416675082071191 0.01111962868481279 1.407206296869445 -0.09582379057050637 -0.007443018950683279 -0.09582379057050637 -0.4737503785652351
1305031459.391667 -0.1596145491161061 -0.002013531561635317 1.383134348573587 -0.07753579989230594 -0.03992754087129303 -0.07753579989230594 -0.475415982726171
1305031459.427646 -0.1156243295535797 -0.006051004608118239 1.353877713560395 -0.08073511689275695 -0.07508624144503917 -0.08073511689275695 -0.4702257384693828
1305031459.459679 -0.1216285409849817 -0.01225150028570425 1.352753579379742 -0.06355594903735651 -0.1206950885095414 -0.06355594903735651 -0.4664852917773178
1305031459.527594 -0.1604506529004189 -0.03461162207862658 1.327112233767129 -0.03580975933682138 -0.1969918075922848 -0.03580975933682138 -0.4504914475211327
1305031459.559647 -0.1966281141298668 -0.02885472710684243 1.324262880627048 -0.02060900680931647 -0.2313619614618514 -0.02060900680931647 -0.4420267118084091
1305031459.591695 -0.2227339389320481 -0.03182524410247761 1.317435685388289 -0.01515879751543791 -0.25070342787052 -0.01515879751543791 -0.4387403995379602
1305031459.627608 -0.2329235539276541 -0.02690988321757089 1.31469522889119 -0.01652834604718915 -0.2590034835147491 -0.01652834604718915 -0.4327691909213798
1305031459.659641 -0.2425900387051687 -0.03274295563107243 1.30864673086832 -0.01177082750899732 -0.261620098959267 -0.01177082750899732 -0.4350396368968672
1305031459.691604 -0.2622011358852755 -0.03070661064621293 1.308449266595633 4.822708613206877e-05 -0.271948810266362 4.822708613206877e-05 -0.4290047749916482
1305031459.727551 -0.283441493192858 -0.02627070185995804 1.328049616986092 0.009468772412138763 -0.2787555113885382 0.009468772412138763 -0.4197012433499677
1305031459.79165 -0.3281376406502844 -0.01504321343058377 1.339822497212889 0.02508286810580534 -0.2769361229604722 0.02508286810580534 -0.4219816776816395
1305031459.827664 -0.3485474744493711 -0.0105865141125632 1.342035074003379 0.02747927707789679 -0.2744696818760831 0.02747927707789679 -0.4220242946502703
1305031459.85966 -0.3687687380444056 -0.004489134225610637 1.34551061639808 0.02960599944615557 -0.2703532606261594 0.02960599944615557 -0.417807878708527
1305031459.891596 -0.3862136073016356 0.001196200876966777 1.353836305701423 0.02529688125971959 -0.2709909272031763 0.02529688125971959 -0.411889219744411
1305031459.927607 -0.3959815525423373 0.01245468055086265 1.356358617538082 0.02088967402099538 -0.2710276853097863 0.02088967402099538 -0.4100844346263297
1305031459.991725 -0.4230505932222974 0.0275402687415038 1.364616347753379 0.01552446860462266 -0.2770641290098702 0.01552446860462266 -0.4040088751328224
1305031460.027565 -0.4296758962241988 0.03226205768547702 1.382668230295682 0.01023983883194533 -0.2798718286448253 0.01023983883194533 -0.3995406311774358
1305031460.059659 -0.4432503240712486 0.03766388063419848 1.38460887038492 0.009561966457155058 -0.2814434854768235 0.009561966457155058 -0.4012550027273381
1305031460.091717 -0.4626200744401998 0.05001001218545509 1.38670909853403 0.006512973169479113 -0.2854929149311737 0.006512973169479113 -0.4016716069407157
1305031460.12769 -0.4712436549525442 0.06036504808656676 1.386393251319302 -0.006815975050204505 -0.2923258726215695 -0.006815975050204505 -0.4059493140340482
1305031460.159678 -0.4867826272096915 0.06470595166159213 1.385521029815301 -0.01566945015193897 -0.2968643352970955 -0.01566945015193897 -0.4105589452914303
1305031460.191559 -0.4895297892903094 0.07716026921698067 1.376489514481828 -0.0252448283449274 -0.2996519761104349 -0.0252448283449274 -0.4099221732432531
1305031460.227761 -0.4875940852516026 0.09065566756905542 1.375708424639768 -0.02811529202001982 -0.3019283813445262 -0.02811529202001982 -0.4093288815942845
1305031460.291689 -0.4950165890034323 0.1117148523391745 1.383254563928626 -0.01372213149590453 -0.3091640011713486 -0.01372213149590453 -0.4115042584452187
1305031460.327512 -0.5041250339629635 0.1209617470539599 1.385212716125472 -0.005143812618897185 -0.3145974828026128 -0.005143812618897185 -0.4136793108656774
1305031460.391611 -0.5129623926608908 0.1371983850347952 1.400345096414692 0.009159135502459058 -0.328796377975516 0.009159135502459058 -0.4073250306019174
1305031460.427477 -0.5180597183618444 0.1476029298430211 1.403545364331685 0.01790836935616241 -0.337324063489591 0.01790836935616241 -0.4058383846151538
1305031460.45962 -0.5165162191288881 0.1505314360255958 1.405273877840263 0.0259620519740752 -0.3444315767898141 0.0259620519740752 -0.4048096419312414
1305031460.491504 -0.5181512051624863 0.152558989023313 1.405454957946873 0.03638768391114846 -0.3546189629126892 0.03638768391114846 -0.3997994248351457
1305031460.52757 -0.5239169769601479 0.1632491315462127 1.411260037824874 0.04532780358259463 -0.3675818332522072 0.04532780358259463 -0.3911511501345171
1305031460.559647 -0.531169216053046 0.1720573265881829 1.41264594123172 0.05540651473253933 -0.374356730737598 0.05540651473253933 -0.3866407275158228
1305031460.591855 -0.5412807150067575 0.1819598197624409 1.409372562961882 0.06723960591576432 -0.3788643512120218 0.06723960591576432 -0.3857709730452584
1305031460.627625 -0.5487766796815333 0.1932509265514343 1.417757359427546 0.0756008738092009 -0.3849426482167814 0.0756008738092009 -0.3813828641478236
1305031460.659764 -0.5589070044995442 0.1991202282390905 1.418705971775871 0.083754370677141 -0.3879792289570029 0.083754370677141 -0.3826521500282799
1305031460.691671 -0.572241182984686 0.2101523625062739 1.419383670339656 0.09003800072670609 -0.3920823310326949 0.09003800072670609 -0.3802383980072599
1305031460.727675 -0.5792387911279865 0.220755796715591 1.419799103940824 0.09381403614655841 -0.3928053597970381 0.09381403614655841 -0.3760475972285561
1305031460.759667 -0.5740372551115652 0.2281188697496749 1.428774821642506 0.09440656669063993 -0.3918107727554375 0.09440656669063993 -0.3716385297224412
1305031460.79166 -0.5824469783600372 0.2378107591844174 1.427331853539984 0.0996777231981958 -0.391911161889287 0.0996777231981958 -0.3710954868898548
1305031460.82766 -0.5885940891900091 0.2534494861425525 1.426929335316918 0.1050098135436754 -0.3889326238689778 0.1050098135436754 -0.365489515486592
1305031460.859714 -0.5885941216818982 0.2534494989883044 1.426929278761122 0.1050098135436754 -0.3889326238689778 0.1050098135436754 -0.3654895154865921
1305031460.891774 -0.5962748594573749 0.266586810639253 1.431225895140948 0.1117244713132723 -0.3895335907763062 0.1117244713132723 -0.3598379038131
1305031460.927562 -0.6031222923667445 0.2784853234886966 1.426278770640598 0.115347377641308 -0.3902829076879286 0.115347377641308 -0.3578046975142538
1305031460.991668 -0.5997788219747934 0.3105203118723091 1.440737374722411 0.116703809578775 -0.3969472074450379 0.116703809578775 -0.3507351046042902
1305031461.02762 -0.603427308507163 0.3259111562064557 1.448829107562831 0.1179934306681923 -0.4000644653006697 0.1179934306681923 -0.3501823482778856
1305031461.091728 -0.6053888256174728 0.3537713447311614 1.45091678527996 0.1167637445177438 -0.3999358639523563 0.1167637445177438 -0.3489298777040449
1305031461.127586 -0.6069853192670057 0.3643245503353197 1.450363310575258 0.1194159670813722 -0.3971613993194262 0.1194159670813722 -0.3496215298684545
1305031461.15972 -0.6097481201437884 0.3823012372061437 1.454870936962483 0.1235348900116147 -0.3961666951767627 0.1235348900116147 -0.3502885148326834
1305031461.192013 -0.6102453216663779 0.3879398211838114 1.450820045849788 0.1246775941809607 -0.3917838014533679 0.1246775941809607 -0.3557720875549116
1305031461.227607 -0.6117104902172711 0.3975600665852093 1.450447040386797 0.127402212163544 -0.390902812106696 0.127402212163544 -0.3570019315715879
1305031461.259642 -0.6117486782616532 0.4082685227410984 1.449114173091735 0.1291358408137681 -0.3877735517443665 0.1291358408137681 -0.3599131048317764
1305031461.291656 -0.6076824153690363 0.4129766224898728 1.454024767675312 0.1282046598316804 -0.3821428301902975 0.1282046598316804 -0.3621749191959186
1305031461.327751 -0.6018482044378565 0.4178006253942443 1.456360494456301 0.129078707885918 -0.3789762467102605 0.129078707885918 -0.3631136224305553
1305031461.359709 -0.5993628315701036 0.4159593115728714 1.449376509719229 0.1313871559359569 -0.3766470773847064 0.1313871559359569 -0.3633989492911595
1305031461.391708 -0.5948695435706369 0.4431679248187992 1.444375305076462 0.1371675136519879 -0.3788465052871439 0.1371675136519879 -0.3517264587124808
1305031461.427624 -0.5913373578415021 0.450909676264661 1.442406987909478 0.1395991331871842 -0.3765427189633877 0.1395991331871842 -0.3518346381937915
1305031461.459781 -0.5864323727771495 0.445548859768001 1.447632723668969 0.1341065739498576 -0.3790908674513379 0.1341065739498576 -0.3493137274824469
1305031461.491677 -0.5758841265416317 0.4611805146677003 1.460164370322942 0.133284564290714 -0.3809483621483164 0.133284564290714 -0.3409361014048968
1305031461.527705 -0.574481445465747 0.4591969670458728 1.456529375779941 0.1347736274752058 -0.380172598227722 0.1347736274752058 -0.348935703370779
1305031461.559677 -0.5677380332745589 0.454344249750584 1.464779911408706 0.1356195038360638 -0.3767314761993473 0.1356195038360638 -0.3468679852553873
1305031461.59169 -0.5613273298023891 0.4504124521028402 1.461518309717734 0.1431742321851379 -0.3760595249691019 0.1431742321851379 -0.3490669964071657
1305031461.627541 -0.5581811947391182 0.4499013183887088 1.458760305606882 0.1502795484315333 -0.3783472937115882 0.1502795484315333 -0.3460239977726212
1305031461.659622 -0.5550966683849671 0.4488315552880828 1.454821674629175 0.1561867451627761 -0.3797133590693608 0.1561867451627761 -0.3438673343980015
1305031461.691563 -0.5548966532915418 0.4381720894854691 1.447127770953676 0.1579628194979142 -0.3832108936991813 0.1579628194979142 -0.3448054023296304
1305031461.727602 -0.5459500923627812 0.4379573108620566 1.442505360780353 0.1576267082415552 -0.3889228576487713 0.1576267082415552 -0.3405546800013216
1305031461.759684 -0.5419362129888505 0.430099356616606 1.435438862800972 0.1595446824264666 -0.3918005462773467 0.1595446824264666 -0.3409867139793996
1305031461.791612 -0.5378766709381239 0.4327871119530153 1.428106819502275 0.165788269657403 -0.3953635962207364 0.165788269657403 -0.3313877328294145
1305031461.827615 -0.5307475558900419 0.4315776047620823 1.429841139529135 0.1699958669727761 -0.4008861776283357 0.1699958669727761 -0.3238442009142839
1305031461.859767 -0.5317616860020692 0.4286563418428466 1.418886631825172 0.1782589221070156 -0.4058763539875438 0.1782589221070156 -0.3183389471026311
1305031461.891723 -0.5336522385147447 0.4210428336280842 1.409277866937741 0.1801372392207252 -0.4165511858828602 0.1801372392207252 -0.3113862541319414
1305031461.927758 -0.5265004972108288 0.4258845307649716 1.402970227852564 0.180740789729866 -0.4247846956920243 0.180740789729866 -0.297091155051132
1305031461.959703 -0.522497414722528 0.4205508556584264 1.396657711888607 0.1883016698103465 -0.4287802287776319 0.1883016698103465 -0.2894553764416256
1305031461.99159 -0.5227052001722304 0.3805125176583616 1.367166490707809 0.187964873862054 -0.4388436839449537 0.187964873862054 -0.3001145728237143
1305031462.027675 -0.5150676257200396 0.3817740337583042 1.374004766711674 0.1822972790167358 -0.4486714071749878 0.1822972790167358 -0.2804419875643757
1305031462.059837 -0.5160794312017156 0.3580566453252072 1.366873336913804 0.1697111396621764 -0.4552951114543999 0.1697111396621764 -0.2826662778966093
1305031462.091777 -0.5120700624229301 0.3530980804232701 1.364576747017616 0.1608540754125642 -0.4634368378528845 0.1608540754125642 -0.2754606249693314
1305031462.127739 -0.5047416990520038 0.3514975520053474 1.368591300073783 0.1537936727470128 -0.4714895551354076 0.1537936727470128 -0.2628950580024212
1305031462.159646 -0.5105830920000285 0.3523854387259511 1.367069139139733 0.1555941517471526 -0.4759449157594747 0.1555941517471526 -0.2542453734083817
1305031462.191641 -0.5064691628535802 0.3365768579458963 1.363222745919668 0.1493636512932508 -0.4760441570291202 0.1493636512932508 -0.2541014508410148
1305031462.227633 -0.5085905488332451 0.3392813084883954 1.365898663394645 0.1513303527056311 -0.4800389678999491 0.1513303527056311 -0.2409645067598777
1305031462.259765 -0.5115987131055175 0.3304385687036372 1.359170263369221 0.1500975754079128 -0.4788307199878611 0.1500975754079128 -0.2371299851667479
1305031462.291629 -0.5168979286078632 0.3332663483868581 1.360957320932286 0.1498726604188036 -0.4776256544596781 0.1498726604188036 -0.2271450855951041
1305031462.32754 -0.5233047510783494 0.3367500156965669 1.365977648027805 0.1506649615785982 -0.4746562835659321 0.1506649615785982 -0.2147134371755525
1305031462.359732 -0.5324468044632078 0.3310473754205151 1.359353804192434 0.1537179333189347 -0.4672642771339014 0.1537179333189347 -0.2084665388599612
1305031462.391695 -0.5377814484915069 0.3294996151183511 1.358509286004258 0.1502161271972121 -0.4636204329862413 0.1502161271972121 -0.1976225464873797
1305031462.427635 -0.5454732740933418 0.3200908986560204 1.35064379752796 0.1470890000396538 -0.456515339965949 0.1470890000396538 -0.192127370948257
1305031462.459897 -0.5534071037769299 0.3139266748063139 1.344009127502581 0.1433563497552618 -0.448154098121656 0.1433563497552618 -0.1850840003723563
1305031462.492008 -0.5585474472188967 0.3041264227077251 1.340111866172041 0.137067660140811 -0.4401917019802593 0.137067660140811 -0.1766474346887814
1305031462.52767 -0.5752192119209987 0.3053876487637868 1.332144376818589 0.1402442000711417 -0.4331169685177827 0.1402442000711417 -0.1706029659972965
1305031462.559862 -0.5772608313015021 0.2967162807789323 1.331945348682263 0.1325414904771604 -0.4234202811738678 0.1325414904771604 -0.1665920454634601
1305031462.591862 -0.5778476928441961 0.2856473634923007 1.333975802980192 0.128460112365765 -0.4137438945774267 0.128460112365765 -0.1656175507445252
1305031462.627851 -0.5790106160065251 0.2765290199775469 1.337520306319361 0.1262580277105725 -0.4032683911536094 0.1262580277105725 -0.1641331963540145
1305031462.65966 -0.585092049011356 0.2773003182532618 1.342881898334739 0.1305367096129884 -0.3956555542837695 0.1305367096129884 -0.1601766668478936
1305031462.692548 -0.5842423620396391 0.2680539469470947 1.349572886776499 0.1262189437924761 -0.3862639714744507 0.1262189437924761 -0.1618764365862823
1305031462.727652 -0.5833934791011225 0.2656818470325545 1.362481314659462 0.1182306665960777 -0.3790029992345083 0.1182306665960777 -0.1572668899374028
1305031462.759782 -0.5813085799639246 0.2439527342506128 1.364157368958633 0.1098785608549815 -0.3635786932237851 0.1098785608549815 -0.1626647689190088
1305031462.791943 -0.5785416713463035 0.2314901058437265 1.374840786010294 0.1021654102900233 -0.3550011583324235 0.1021654102900233 -0.1610393748752379
1305031462.827816 -0.5797727521323671 0.2118315187651463 1.377781550910055 0.09677447861802108 -0.3466968063490629 0.09677447861802108 -0.1630342351810487
1305031462.859782 -0.5776716341864224 0.1962538989358378 1.385739199492169 0.09276349269973368 -0.3364198400065732 0.09276349269973368 -0.1573489812660668
1305031462.891847 -0.5749369037854195 0.1790467320587648 1.391134619316161 0.09347036080094386 -0.3311097571570608 0.09347036080094386 -0.1570621733835158
1305031462.927607 -0.5782241651972521 0.1724605390808505 1.399047783619989 0.09818295708071015 -0.3316016598295455 0.09818295708071015 -0.1537743965727955
1305031462.959676 -0.5753209150986088 0.1620349228632169 1.404512337502613 0.09712326803874322 -0.3301564592897694 0.09712326803874322 -0.1548878223755853
1305031462.99555 -0.5660778845585775 0.1562221941244601 1.416674949384548 0.09240767522069895 -0.3266754013944022 0.09240767522069895 -0.153868210776028
1305031463.027667 -0.5653885117853361 0.1444653723154998 1.422687456205563 0.09349664948180245 -0.3193556609818786 0.09349664948180245 -0.1616127321605172
1305031463.05981 -0.5626974972906734 0.1267313112865535 1.424985095422776 0.09076473759430685 -0.3094940513168339 0.09076473759430685 -0.1709520191407745
1305031463.095809 -0.5490297066913997 0.1111949999965028 1.433734379709332 0.08302804924519085 -0.2995066727312988 0.08302804924519085 -0.1725512808689046
1305031463.12755 -0.5432804018084559 0.1040019032100936 1.447192774448196 0.08351662920907918 -0.2912533482757795 0.08351662920907918 -0.1738194282923995
1305031463.159787 -0.5288451355189848 0.08426771088286861 1.452938011498955 0.07819147573847979 -0.2809587297413373 0.07819147573847979 -0.1830460029618226
1305031463.195657 -0.5240624475494999 0.06462478198777882 1.455420532861148 0.07824508105264272 -0.2727103251751602 0.07824508105264272 -0.1880920605354132
1305031463.227784 -0.5158085387258797 0.05173306200016037 1.455445866989392 0.07918613554501537 -0.2652124600026152 0.07918613554501537 -0.1896036591682377
1305031463.260034 -0.5011982112256045 0.0333063540490191 1.458480539511605 0.0760451980762213 -0.2604017391130121 0.0760451980762213 -0.1999411349302601
1305031463.295737 -0.4899140181873194 0.01868126256161526 1.462551395300924 0.07402580302493111 -0.256041488401408 0.07402580302493111 -0.2049811513954362
1305031463.327739 -0.4769347290016 0.01006081072979956 1.468821027726321 0.06860449925419701 -0.2531547600058906 0.06860449925419701 -0.2046810484951065
1305031463.35975 -0.4688462423134067 0.001384267044890428 1.470655724188608 0.06638069252886893 -0.2497692010445933 0.06638069252886893 -0.2119625972898674
1305031463.39563 -0.4469905801125715 -0.01536949626728795 1.474717349568502 0.05560051603864078 -0.2454702308335385 0.05560051603864078 -0.2187041612232435
1305031463.427716 -0.428875871191353 -0.02736865865667793 1.480982224685859 0.04932859153456057 -0.2412396698477792 0.04932859153456057 -0.218668045996168
1305031463.459756 -0.4095470028343251 -0.03618444623750562 1.479630691188908 0.04661916218561678 -0.2385064288872701 0.04661916218561678 -0.2202592242128808
1305031463.495629 -0.3895360884494436 -0.04781508147263279 1.483444742191131 0.04497016794575672 -0.2370208325800426 0.04497016794575672 -0.2195029393285429
1305031463.52767 -0.3678718286353073 -0.05233982172075329 1.491340237412933 0.04555526441296887 -0.2378743769310624 0.04555526441296887 -0.2189017774177816
1305031463.559751 -0.3594470186520609 -0.06339166610997124 1.48962104557926 0.04960091854030294 -0.239870069726762 0.04960091854030294 -0.2251394081372836
1305031463.5956 -0.3438874845618178 -0.07198412212553343 1.491519695668027 0.04659798811850139 -0.2386989735518154 0.04659798811850139 -0.2252475484808686
1305031463.627588 -0.3206226929889692 -0.07130810897596859 1.495149419548683 0.04215150574340309 -0.2371019719830711 0.04215150574340309 -0.2245074611516684
1305031463.659766 -0.3124372001577489 -0.08214674578008781 1.497049445676663 0.04681693828431967 -0.2366070366475173 0.04681693828431967 -0.2364818540254194
1305031463.69564 -0.2866238164226048 -0.1037279560534988 1.486545658635635 0.03824166094636731 -0.2335314618750927 0.03824166094636731 -0.2497246507210238
1305031463.727588 -0.2613371335947963 -0.1048537363577684 1.500782116598086 0.03525644075797395 -0.2313306247840576 0.03525644075797395 -0.2458895970508653
1305031463.759674 -0.2420048281082494 -0.1028337527986126 1.522628362205643 0.03947387828019857 -0.2269911188303636 0.03947387828019857 -0.2465596005245612
1305031463.795647 -0.2343361124834775 -0.1158963171400977 1.516369008488658 0.04734240756869273 -0.2199612225450999 0.04734240756869273 -0.2609690406794013
1305031463.827761 -0.2043321220380384 -0.1215275666273383 1.532560726130676 0.04559789283573462 -0.2080226220307302 0.04559789283573462 -0.2610033831486074
1305031463.85991 -0.1849815660943901 -0.1197286271019655 1.556202443230134 0.04944645323650779 -0.1994136559771083 0.04944645323650779 -0.2604282304747201
1305031463.895648 -0.1688871106132265 -0.1271634145356203 1.568557532517203 0.05320144041231045 -0.1902159837700825 0.05320144041231045 -0.2663280871957512
1305031463.927664 -0.1588899842719566 -0.128452887656235 1.585020664134149 0.05522149282180133 -0.1847217117859597 0.05522149282180133 -0.2664883021144199
1305031463.95968 -0.1390736592629742 -0.1207956487333321 1.607949046389551 0.05090412425524823 -0.178875221747725 0.05090412425524823 -0.2637980370575398
1305031463.995821 -0.1237764596839007 -0.1211974033061145 1.624299272792212 0.04907941674117712 -0.1718269014145117 0.04907941674117712 -0.2679951199791611
1305031464.027703 -0.1065304334007437 -0.1283763915135659 1.633261693422204 0.04639367424283508 -0.162681502269926 0.04639367424283508 -0.2728842590228784
1305031464.059652 -0.09441971410957327 -0.1221825243814454 1.654369533049635 0.0497716114558118 -0.1533276073566536 0.0497716114558118 -0.2714362078537848
1305031464.095634 -0.08356388011488666 -0.1291993323430148 1.663792172892075 0.053284815700198 -0.1458997944189734 0.053284815700198 -0.2797650180942711
1305031464.127681 -0.0757651517795387 -0.1293013288356235 1.678016817618311 0.05301513904502474 -0.1424127414243395 0.05301513904502474 -0.2821008701047785
1305031464.159817 -0.07255152396116493 -0.1221280550388038 1.694545278883084 0.05167827024457124 -0.1393733769557849 0.05167827024457124 -0.2850742162779745
1305031464.195585 -0.06160364920293875 -0.118996732556719 1.714405678147403 0.043225464389935 -0.1352639091990832 0.043225464389935 -0.292652474385893
1305031464.227624 -0.05311901150713381 -0.1342060067540656 1.716818905764234 0.03118714105111044 -0.1307912975128145 0.03118714105111044 -0.3084572498881533
1305031464.259644 -0.04851592185397537 -0.1463113696436168 1.725834925275181 0.01741035454547964 -0.1224726660759328 0.01741035454547964 -0.3169510108931733
1305031464.295667 -0.04049711658923912 -0.1456682308875422 1.727120744582035 0.003304795653948961 -0.1125907397454315 0.003304795653948961 -0.320190736981058
1305031464.327866 -0.00993808461605496 -0.1516123027974023 1.733570836505541 -0.0157063030822034 -0.1026901639217456 -0.0157063030822034 -0.3235970967118795
1305031464.359684 0.01302561057383001 -0.1486016471826177 1.745656016516371 -0.02714349559895412 -0.0955669354231346 -0.02714349559895412 -0.3265498091263417
1305031464.395611 0.02999408531817021 -0.160347852712824 1.745436919124198 -0.03123770633725663 -0.08583327189287104 -0.03123770633725663 -0.3365121203798887
1305031464.427634 0.04225911223871837 -0.167368578522196 1.751522885937581 -0.02828974597675663 -0.07645907594870058 -0.02828974597675663 -0.3410726559595507
1305031464.459689 0.04640350145752869 -0.1648702890880627 1.770183541288142 -0.02426908387108031 -0.06774843210062581 -0.02426908387108031 -0.342390852018377
1305031464.495633 0.06933847466355403 -0.1731292831242648 1.768796814188552 -0.02724716673459529 -0.06029398474578088 -0.02724716673459529 -0.3489786436381229
1305031464.527574 0.07764514295934337 -0.1840030374095599 1.775385331720358 -0.0231828334755416 -0.05372595043303054 -0.0231828334755416 -0.353881689100367
1305031464.559703 0.09350689035890131 -0.1871498013791506 1.787518069742607 -0.02146292936299223 -0.04094048933036189 -0.02146292936299223 -0.353084017250798
1305031464.595698 0.1710714086524455 -0.164198711064024 1.792024052552435 -0.02936538607144097 -0.02722082080328167 -0.02936538607144097 -0.3552692447240494
1305031464.627672 0.1880067068295498 -0.1663923157047666 1.81323116732109 -0.01664764325112836 -0.02311913062875406 -0.01664764325112836 -0.3651267572402636
1305031464.659749 0.2022407434974278 -0.1713611379250996 1.823852810701137 -0.002557004068024035 -0.01550354856541391 -0.002557004068024035 -0.3770968345620889
1305031464.695663 0.2063442475147682 -0.1605457021684538 1.841901351879412 0.01209832218156801 -0.009672665033944004 0.01209832218156801 -0.3888300229006793
1305031464.727652 0.1994777084291175 -0.1761339650579122 1.857351469840525 0.02448536111522006 -0.0007094594864965645 0.02448536111522006 -0.4078426532963737
1305031464.75974 0.2065487446953551 -0.2037368130923337 1.827679006501308 0.02952420753492213 0.01557192757830946 0.02952420753492213 -0.4328114721823981
1305031464.796021 0.2008894811768768 -0.1926211001199378 1.846058683134407 0.03426071594145023 0.03462403939944842 0.03426071594145023 -0.4375758294908184
1305031464.827759 0.2013554024751442 -0.181254449675414 1.868864208655902 0.02727281157128715 0.04930121217469762 0.02727281157128715 -0.4419697144301539
1305031464.859654 0.2255809199555175 -0.2001118804552771 1.846242227558667 0.01236938751055456 0.07329871501337525 0.01236938751055456 -0.4558465609790076
1305031464.895817 0.2399787318399127 -0.1930896646350804 1.854709992031238 0.004775764320667728 0.1008896082698866 0.004775764320667728 -0.452033661696099
1305031464.927799 0.2437144308486764 -0.1775423237173265 1.82442044070121 0.002204621680897721 0.1227529655164728 0.002204621680897721 -0.4561376802432047
1305031464.959763 0.2505259860405881 -0.157827831155325 1.828468709238192 0.004186505663808741 0.1423448024844668 0.004186505663808741 -0.4585686444173347
1305031464.995687 0.2711939000688336 -0.1494748803510532 1.825421493669721 0.006375797337497955 0.1600553628289955 0.006375797337497955 -0.4654682418854633
1305031465.027823 0.278065676063386 -0.1341040290837414 1.810910196784627 0.01372883448035457 0.1796371563312342 0.01372883448035457 -0.4707326222482319
1305031465.059749 0.2911107874983067 -0.1314765253741323 1.759700533535326 0.01121882832613049 0.1973246010256138 0.01121882832613049 -0.4837060308691923
1305031465.0957 0.2956197462214816 -0.1351747357476635 1.682245027140692 0.00573947099365096 0.2088338524313491 0.00573947099365096 -0.4901199453387939
1305031465.127664 0.3082367561540308 -0.1255260371267975 1.661980962296816 0.001997588786667471 0.2290426175776528 0.001997588786667471 -0.4747418752233417
1305031465.159842 0.3173331386839273 -0.1059080389427259 1.653404516861979 -0.003327263537676211 0.245404944043387 -0.003327263537676211 -0.4559810331688574
1305031465.195564 0.3370397040376066 -0.08916059286798234 1.647951413687949 -0.01101008931544288 0.2597812139937892 -0.01101008931544288 -0.4421151658441507
1305031465.227907 0.3439119657510834 -0.08365135271355431 1.627802231635075 -0.01170362976398022 0.2728934107975386 -0.01170362976398022 -0.4310937021529656
1305031465.259807 0.346284254788548 -0.05230006457221224 1.628695639054591 -0.01821689262347232 0.2769492169737889 -0.01821689262347232 -0.4118788782504906
1305031465.295623 0.3666169243375649 -0.04644083002135084 1.609557623179866 -0.03310709129230159 0.2714086045053466 -0.03310709129230159 -0.4074070339078291
1305031465.327674 0.3846572087744767 -0.03681362897807516 1.592815076749086 -0.05094413399328204 0.2652461330262851 -0.05094413399328204 -0.3978034702681074
1305031465.359948 0.3755801991749348 -0.02882859978204308 1.589784236975625 -0.0600170413687087 0.2645250148349697 -0.0600170413687087 -0.3887227099009773
1305031465.395586 0.4032723794427958 -0.01560959093199676 1.577806633509822 -0.08447477753013991 0.2630852219283855 -0.08447477753013991 -0.3849862310447489
1305031465.427697 0.4376381689398637 -0.003629343345638684 1.566333873176847 -0.1064002233727636 0.2603086131594779 -0.1064002233727636 -0.3837644422762181
1305031465.460125 0.4618964659742913 -0.008293438783550308 1.555812472752459 -0.1220748873000644 0.251731059036888 -0.1220748873000644 -0.3845760684582268
1305031465.495703 0.485351691614227 -0.01442296197667017 1.534705394721348 -0.1348112365959562 0.2474308289846918 -0.1348112365959562 -0.384049522514963
1305031465.527622 0.5067937656601628 0.001544996667446921 1.538774494107049 -0.1459003160050724 0.2493885104194978 -0.1459003160050724 -0.3757575101940516
1305031465.559812 0.5378138389346926 0.006887839291264077 1.533309055945605 -0.1603512405363085 0.2469573299434229 -0.1603512405363085 -0.3778616133230351
1305031465.595599 0.5700764232468019 0.000548428196553102 1.520930936898423 -0.1714690248841019 0.2392420646055271 -0.1714690248841019 -0.3828198674938199
1305031465.627688 0.5949453006744726 -0.001075985226607823 1.506560743316262 -0.1819402534557523 0.2317091944311336 -0.1819402534557523 -0.3858413414457985
1305031465.66006 0.6257463518655672 -0.005169398045672664 1.492821351188559 -0.1980210253591564 0.2275398390534034 -0.1980210253591564 -0.3882348516178978
1305031465.695668 0.6583298403218167 -0.006230362521415816 1.483652173667102 -0.2098852110162816 0.2248519892773278 -0.2098852110162816 -0.3909024708554799
1305031465.727682 0.6823492150447955 -0.005149688291458072 1.466237414275156 -0.218895459165322 0.2179731322511863 -0.218895459165322 -0.3963271038285687
1305031465.759766 0.7111584984823143 -0.008411705147040333 1.4415289531827 -0.2304703465071336 0.2117977724449756 -0.2304703465071336 -0.4029274555556813
1305031465.795937 0.7414757655798874 -0.01314175005759373 1.431098502348458 -0.2373709660604011 0.2073365187725329 -0.2373709660604011 -0.4056942409523328
1305031465.827996 0.7674830902957792 -0.01758012707017494 1.421575790941392 -0.2437327656094764 0.2023716711728598 -0.2437327656094764 -0.4122679654320481
1305031465.859861 0.7992037116566381 -0.03559355914235922 1.393157358716731 -0.248917162756888 0.2006953393295351 -0.248917162756888 -0.4268022824819959
1305031465.895494 0.8328187825476711 -0.03489447019120057 1.379845209031122 -0.2499159458642704 0.1948812471783353 -0.2499159458642704 -0.4267878967637247
1305031465.927495 0.8581622907572933 -0.03778484930760725 1.374123530923377 -0.2425619375692058 0.1953266823124253 -0.2425619375692058 -0.4330490514006837
1305031465.95971 0.8796802266957062 -0.04115700161493729 1.358105795433907 -0.237882894522693 0.1908882644854587 -0.237882894522693 -0.4442069472275183
1305031465.995753 0.899240152149362 -0.05677690532020203 1.352915876779951 -0.2295541154076682 0.1894357834934415 -0.2295541154076682 -0.452072678695307
1305031466.027644 0.9165125959049312 -0.06262545756549671 1.326505689464834 -0.2284794001907122 0.190372884395997 -0.2284794001907122 -0.4606617080013706
1305031466.059757 0.9281093601703381 -0.08461656867803982 1.310965989349743 -0.2222538809116791 0.1876855880786997 -0.2222538809116791 -0.4627108533150327
1305031466.09584 0.9431127784059228 -0.09310257833061539 1.299696319891614 -0.2225829504911031 0.1872432853967765 -0.2225829504911031 -0.458770614707852
1305031466.12764 0.9626601730545628 -0.1046764477387841 1.286149451573791 -0.2246284007493601 0.1913528234817294 -0.2246284007493601 -0.454780234635506
1305031466.160428 0.9770245875871666 -0.1176684116412611 1.282357047793327 -0.2264970953121392 0.1935730931868825 -0.2264970953121392 -0.4491741294476733
1305031466.195833 0.9986872496176152 -0.1383387837739818 1.28031078992563 -0.2321386014448369 0.1956262340845626 -0.2321386014448369 -0.4408608335367749
1305031466.227951 1.026341933417038 -0.1400500397409264 1.280405912543156 -0.2388287182834193 0.2052224958960596 -0.2388287182834193 -0.427356035684702
1305031466.259815 1.049225296975745 -0.1324384914881225 1.297702429724059 -0.2402241460381238 0.2112876259860436 -0.2402241460381238 -0.4183906848389072
1305031466.295737 1.075496529760834 -0.1441800447224382 1.303408866087691 -0.2302163962325686 0.2205232466182083 -0.2302163962325686 -0.4232064846052485
1305031466.327702 1.101116021053347 -0.154655878869845 1.303161419034172 -0.218959624742559 0.2248389397666401 -0.218959624742559 -0.4272994148580583
1305031466.359829 1.11490466964741 -0.1676648568821257 1.302395719354676 -0.2043754715779995 0.2283814672607016 -0.2043754715779995 -0.4277606507514813
1305031466.395784 1.126765169296027 -0.1688719171717121 1.319886953681681 -0.1973161724718997 0.2294258574385452 -0.1973161724718997 -0.4257675103578851
1305031466.427819 1.137788101176115 -0.1824370678566641 1.322099290224952 -0.1959409624000918 0.2312227584385277 -0.1959409624000918 -0.4324155190543276
1305031466.45979 1.162015307991487 -0.1911752041861359 1.31325763152963 -0.1997102487235327 0.2379357534575549 -0.1997102487235327 -0.4338291357214515
1305031466.495809 1.184918664516898 -0.1914650317593585 1.309093729071179 -0.2030450647869156 0.241494737973773 -0.2030450647869156 -0.4299242024787105
1305031466.527538 1.206622849240594 -0.1946278204564992 1.313760694701541 -0.2001228441484337 0.2404237940380187 -0.2001228441484337 -0.4284892472165474
1305031466.560353 1.222830619734941 -0.1990428792728626 1.308289922135387 -0.1945932340507716 0.2396053026414124 -0.1945932340507716 -0.4291948621999843
1305031466.595936 1.241884364247246 -0.1977393768172627 1.2983591321387 -0.1913202945495443 0.2429754105264699 -0.1913202945495443 -0.4236608296707934
1305031466.627549 1.255707734601019 -0.1784860742720071 1.301655279550996 -0.1865838803151923 0.2464706279172322 -0.1865838803151923 -0.4158752795690074
1305031466.659688 1.274938487466617 -0.1699413628527485 1.292812155534402 -0.1838774046120481 0.2496801149654866 -0.1838774046120481 -0.4237336597630888
1305031466.695822 1.287498594826892 -0.1856022610316521 1.280385713853179 -0.176928161466312 0.25610897579091 -0.176928161466312 -0.4306505007494173
1305031466.728074 1.308978818241717 -0.1783946698279993 1.282281459784636 -0.1749495354553494 0.2658982623344092 -0.1749495354553494 -0.4234035026634389
1305031466.759637 1.332772273864904 -0.158740918763294 1.288503671320381 -0.1762644889459845 0.2725987593460046 -0.1762644889459845 -0.4221224201188739
1305031466.795604 1.357173865817271 -0.1627371586350793 1.285101682535831 -0.176678595799528 0.2771337910504925 -0.176678595799528 -0.4295622881027042
1305031466.827879 1.37440385863096 -0.163830948438215 1.282381878627598 -0.1782928758551488 0.2809658304550459 -0.1782928758551488 -0.4265056243848527
1305031466.859665 1.383298139635334 -0.1546520559470821 1.285095316944814 -0.1826828220399012 0.2818890012221477 -0.1826828220399012 -0.4213604157345944
1305031466.895694 1.400837182928485 -0.1514894825904068 1.277977401721894 -0.194264804250558 0.2871806653075484 -0.194264804250558 -0.4240299795512436
1305031466.927756 1.419405886880222 -0.1459784251355988 1.27945533356315 -0.2072682394079733 0.2944923615560107 -0.2072682394079733 -0.4198945550500521
1305031466.959728 1.447992540037291 -0.1297464274173775 1.281867717103969 -0.2210413809970469 0.3011419591149898 -0.2210413809970469 -0.4148725562376904
1305031466.995712 1.4713213316239 -0.1192486147615079 1.282579627136869 -0.2269964224660805 0.3065542315284833 -0.2269964224660805 -0.4131494659039606
1305031467.027843 1.486832355536934 -0.1191848586792866 1.276231997391614 -0.2280524438355621 0.3124117486939444 -0.2280524438355621 -0.4164342798664337
1305031467.0597 1.510822175739344 -0.1099904604929451 1.266695063910487 -0.2323285192599012 0.3171916689502979 -0.2323285192599012 -0.4179206658474047
1305031467.095687 1.526422004545798 -0.1085753040018439 1.263732060146548 -0.2304609280352642 0.3218130087652162 -0.2304609280352642 -0.4175032047069107
1305031467.128974 1.542542629762962 -0.1016933079537629 1.269190589599849 -0.2287871738042208 0.3329007353285798 -0.2287871738042208 -0.4166973466080857
1305031467.15966 1.553425218168198 -0.1057708477196825 1.268781023567073 -0.2251645605570176 0.3410972186817283 -0.2251645605570176 -0.4213786225976548
1305031467.195663 1.553425239077793 -0.1057707392472641 1.268781034223868 -0.2251645605570176 0.3410972186817283 -0.2251645605570176 -0.4213786225976548
1305031467.227704 1.566740938623489 -0.1026831396168413 1.265778957460519 -0.228891934581488 0.3488204182758481 -0.228891934581488 -0.4221509437599417
1305031467.259694 1.580051915181565 -0.1029871432372958 1.267752217398377 -0.2306904943610817 0.3541871870224425 -0.2306904943610817 -0.423474182926923
1305031467.295846 1.594390527772388 -0.09775469448928881 1.263734676211644 -0.2340205974389113 0.3616619418364015 -0.2340205974389113 -0.4252466862680407
1305031467.328008 1.60867881898916 -0.09170871762352562 1.25926898103903 -0.2393847861748668 0.3667530767908052 -0.2393847861748668 -0.4253959124789728
1305031467.359654 1.621786093079169 -0.09379835472408135 1.252070652812687 -0.2429626313135525 0.3706207822879459 -0.2429626313135525 -0.424242390940934
1305031467.395756 1.637816197900106 -0.08720730260397949 1.257853446677207 -0.2467641592122586 0.3782292640809912 -0.2467641592122586 -0.4153588073187691
1305031467.427783 1.651698214583061 -0.08032212304704103 1.260208204482919 -0.2496049671953672 0.3850917077511282 -0.2496049671953672 -0.4122784027795874
1305031467.459692 1.664962371348379 -0.07052542872674053 1.267727651222124 -0.2552999417404347 0.38921623911353 -0.2552999417404347 -0.4074364691890826
1305031467.496058 1.679923594480433 -0.0643379732205748 1.255514482713815 -0.2608269562092063 0.3965524869178616 -0.2608269562092063 -0.4044129459199557
1305031467.527663 1.684426443644543 -0.05569115123111315 1.246665477336777 -0.259646445884082 0.4036264177119921 -0.259646445884082 -0.4012848668359861
1305031467.559763 1.696227875189296 -0.04279856598273567 1.252289049234082 -0.2598782988158415 0.4074368295900049 -0.2598782988158415 -0.3990184218990909
1305031467.595989 1.702519369092589 -0.03371259140587572 1.251034598816238 -0.2606884440295545 0.4082378798153231 -0.2606884440295545 -0.3987919106058622
1305031467.627532 1.700897727352669 -0.03129198308735045 1.251472111152987 -0.262285769458601 0.4069950487321199 -0.262285769458601 -0.3992132978410461
1305031467.659626 1.698561194591936 -0.0279199434247066 1.250461243207984 -0.2667140514348555 0.4039930211492129 -0.2667140514348555 -0.4044326272237431
1305031467.695886 1.709709926605506 -0.034005040419752 1.233601713776898 -0.2694543146644011 0.4046293835922062 -0.2694543146644011 -0.4135284431751185
1305031467.727535 1.711887690090809 -0.018245852738108 1.23347508219348 -0.2701074888672259 0.4093267371914536 -0.2701074888672259 -0.4160582715621643
1305031467.759907 1.719010263959217 -0.002291553658921069 1.230979026223106 -0.2752461534761731 0.4094417044636803 -0.2752461534761731 -0.4200827763697426
1305031467.796075 1.726577017114181 -0.0004647817427360246 1.238338263729134 -0.2742785747080899 0.4121925002950738 -0.2742785747080899 -0.4236748622906388
1305031467.8278 1.722061804640234 0.0194046118526961 1.238134908317106 -0.2780725478742669 0.4121620856994891 -0.2780725478742669 -0.4251854455777669
1305031467.859729 1.729462503411638 0.02828948062824587 1.244541898131659 -0.2829003633198883 0.4111627184156161 -0.2829003633198883 -0.4301862303239568
1305031467.895947 1.724609148009664 0.03572196653809471 1.236859229534885 -0.2880921733891418 0.4124679581794446 -0.2880921733891418 -0.4349602640399195
1305031467.927754 1.722559229549517 0.05853981108826361 1.235778000375297 -0.2946378478062847 0.4181806937449376 -0.2946378478062847 -0.4341867754104954
1305031467.959826 1.720896409565873 0.08010708680854223 1.240479137523681 -0.2992816432569777 0.4220990982415133 -0.2992816432569777 -0.4370538308456028
1305031467.995754 1.72057905303565 0.08395943584314684 1.219551406585015 -0.3010075762602949 0.4218740073404283 -0.3010075762602949 -0.4456827460635153
1305031468.028107 1.715328111373693 0.1084357119350715 1.226203495659193 -0.3001453191368536 0.4255468736409602 -0.3001453191368536 -0.4410434127813085
1305031468.05985 1.702039876195495 0.1248730357541068 1.226197697454231 -0.2996758299847195 0.4275323384323634 -0.2996758299847195 -0.4459534939761466
1305031468.095867 1.699925438515012 0.143678145519039 1.21340189729417 -0.3046525086477843 0.4289519315997446 -0.3046525086477843 -0.4481291858445641
1305031468.127816 1.696410662151466 0.16795521334333 1.215651964131159 -0.3069959517457595 0.4311717655519128 -0.3069959517457595 -0.4447344262860127
1305031468.159864 1.691014604766951 0.1869476515281444 1.220183992785026 -0.306781504089492 0.4352902742977882 -0.306781504089492 -0.4454888797832978
1305031468.195985 1.682690309985036 0.2098101960457485 1.214725052242056 -0.3062417136687542 0.4397002082962431 -0.3062417136687542 -0.4460189787413799
1305031468.228158 1.673133869125337 0.2342409515738785 1.218180519152355 -0.3056261189193327 0.4399899012028618 -0.3056261189193327 -0.4437347811776575
1305031468.259754 1.669699305085978 0.25879830018292 1.219407551951944 -0.306483266357401 0.4378319607250755 -0.306483266357401 -0.4431103252772141
1305031468.29583 1.665962239725854 0.2764478358277795 1.225499405135239 -0.3030660720646342 0.4386112149496271 -0.3030660720646342 -0.4433212491120048
1305031468.327847 1.661034313361608 0.3035501456450352 1.241439388970115 -0.3021942242175962 0.4384363729468573 -0.3021942242175962 -0.4423407196790323
1305031468.359787 1.652287286351101 0.3115189733454873 1.24036499525454 -0.3004645988324149 0.4318120446847393 -0.3004645988324149 -0.4483234046302281
1305031468.39586 1.646450185607262 0.3267478252171825 1.246659475314368 -0.2977439923280653 0.4325069971630738 -0.2977439923280653 -0.4463184545495892
1305031468.428025 1.637342165655938 0.3491275909115363 1.264598062998411 -0.2958572389531603 0.434264525865014 -0.2958572389531603 -0.4403788589128935
1305031468.459759 1.633063215359074 0.3694668509752257 1.272656608207363 -0.2988236390883557 0.4317843949738539 -0.2988236390883557 -0.4378912489797352
1305031468.495809 1.631753870898709 0.3817365576000488 1.288711769563807 -0.2950745701462049 0.4326647006452422 -0.2950745701462049 -0.4355352822962503
1305031468.527756 1.619593447104581 0.3948486989107082 1.300552664303684 -0.2903547504282397 0.4355918837456119 -0.2903547504282397 -0.4362367948680866
1305031468.559739 1.611808908590454 0.4038545149415228 1.312142784695732 -0.2879000740086606 0.4406900763490726 -0.2879000740086606 -0.4424719881992566
1305031468.595768 1.606935334265728 0.4151052557978923 1.314882328530632 -0.2879271569150609 0.4451360600129298 -0.2879271569150609 -0.4453359153340741
1305031468.627626 1.598076361625913 0.4228726938320122 1.329270397012796 -0.2856286171678498 0.4475144210113608 -0.2856286171678498 -0.4392508148984664
1305031468.659579 1.588680544377778 0.4290461745672986 1.356386538487851 -0.2849071454810694 0.4507973705057471 -0.2849071454810694 -0.4361225683357838
1305031468.695835 1.581411945758875 0.4443298589841587 1.372942009119285 -0.29089969587132 0.4557076483122661 -0.29089969587132 -0.4355939479167827
1305031468.727785 1.576232116865517 0.4543781838453783 1.386722971555083 -0.2966111269350532 0.458600365187076 -0.2966111269350532 -0.4358722294454515
1305031468.759628 1.571693208649648 0.464464260823213 1.394086082455371 -0.3016272464684401 0.4608015558118118 -0.3016272464684401 -0.4358638658654003
1305031468.795796 1.557950428881393 0.476510507108702 1.396988491466788 -0.3042180362353496 0.463677519281106 -0.3042180362353496 -0.4387837499947078
1305031468.829247 1.556964483441239 0.4817944969559917 1.402586060505485 -0.3056569162509465 0.4674638257035026 -0.3056569162509465 -0.4469916771299413
1305031468.859659 1.55182685254527 0.4946664117897867 1.40743257138767 -0.3050357428398797 0.4701725386019186 -0.3050357428398797 -0.4474188916834952
1305031468.895873 1.534575811769906 0.5012147501748796 1.404934331862236 -0.2990698463058205 0.4704742765705072 -0.2990698463058205 -0.4484634113816211
1305031468.928141 1.529894930748815 0.5025665778977998 1.41277486962442 -0.2938060830367975 0.4660592769660064 -0.2938060830367975 -0.4475625779543267
1305031468.959594 1.527262547583666 0.5033392790210082 1.417323949062884 -0.2887154141688509 0.4617714594537859 -0.2887154141688509 -0.4436113155648563
1305031468.995711 1.535721709195539 0.5073422768476943 1.397964062261083 -0.2874022349581226 0.4629203073762492 -0.2874022349581226 -0.4353449327050196
1305031469.027699 1.508116101100369 0.5146654054371727 1.417371425561187 -0.2717789791960981 0.474469247365094 -0.2717789791960981 -0.417472473123844
1305031469.059832 1.496641943333981 0.5157394277840279 1.425870073119992 -0.2626028420165345 0.4827610970150872 -0.2626028420165345 -0.4077021681567333
1305031469.095723 1.480755290601998 0.519917159951039 1.421092358573525 -0.2518204570751452 0.4956851191846895 -0.2518204570751452 -0.4007607230152542
1305031469.127679 1.464348243027979 0.507850010462309 1.439970383942776 -0.2267577870762759 0.50787276318262 -0.2267577870762759 -0.396816742732265
1305031469.159703 1.448217091395263 0.5177284689980578 1.438933050977903 -0.2120596162396302 0.5124596376190411 -0.2120596162396302 -0.3903028536094209
1305031469.19554 1.431749424409816 0.5224492752794191 1.439225038453957 -0.1965998219128245 0.5153814098981094 -0.1965998219128245 -0.3870604267746717
1305031469.227754 1.41660670421897 0.5196349526952144 1.437384583716954 -0.1850182413585593 0.5168761824251719 -0.1850182413585593 -0.3872686443192717
1305031469.259586 1.409999305751207 0.5359691051890438 1.437910180471255 -0.1816259817712592 0.5208254769103398 -0.1816259817712592 -0.3800303036904752
1305031469.296754 1.404496486029867 0.5441880142212896 1.428511314222897 -0.1767235071490294 0.5209090896656189 -0.1767235071490294 -0.3781114321320814
1305031469.327618 1.402717129954308 0.5473079148724764 1.411373889347094 -0.1738779238811064 0.5206693882700375 -0.1738779238811064 -0.3777352487281018
1305031469.359592 1.389567159707981 0.5495932273826186 1.406340777902066 -0.1617530401001506 0.5241545186256451 -0.1617530401001506 -0.3745597150797997
1305031469.395695 1.374432391514628 0.5504426273849742 1.396868681496059 -0.1450897084877682 0.5242293039758219 -0.1450897084877682 -0.3789512531093838
1305031469.427651 1.3685113264635 0.553162376131326 1.390294874737505 -0.1311329026741857 0.5233122529345813 -0.1311329026741857 -0.382729812321008
1305031469.459668 1.359728547370701 0.5541024230672942 1.372299721569944 -0.1195415024676851 0.5238283125430053 -0.1195415024676851 -0.3869407792265811
1305031469.495744 1.352973824403022 0.5530840054751707 1.361130714946901 -0.1118122298961344 0.524538301100626 -0.1118122298961344 -0.389328216200817
1305031469.527622 1.355381853920147 0.5525192909069067 1.359362532195399 -0.109287189245084 0.5259245083771825 -0.109287189245084 -0.3866383055701187
1305031469.559645 1.346818347412606 0.5481139005862599 1.341040557010895 -0.1048095862177455 0.5257106440943684 -0.1048095862177455 -0.3836652465518546
1305031469.595755 1.339143707675435 0.5463925613675754 1.334429340542193 -0.09831589113640118 0.5275488056335674 -0.09831589113640118 -0.3762561963862356
1305031469.627752 1.331958502827446 0.5469018455579645 1.318227282985998 -0.09271929508094461 0.5278946329108394 -0.09271929508094461 -0.3691117270546649
1305031469.65959 1.324516251140069 0.5571044474333319 1.307765449933019 -0.08838852284714178 0.528067571816578 -0.08838852284714178 -0.3616069160958836
1305031469.695613 1.321132586756631 0.5617707087427715 1.295340782046616 -0.08444347831493008 0.5275712756052225 -0.08444347831493008 -0.3573930516707787
1305031469.727679 1.312440588673278 0.5600776855954966 1.278361843131929 -0.07708116631326047 0.5252293924403318 -0.07708116631326047 -0.3544136041840226
1305031469.759599 1.306180364125197 0.5584482272217017 1.260996799901745 -0.07225028314832145 0.5213126672495745 -0.07225028314832145 -0.350368160193493
1305031469.795621 1.293356681947385 0.5653578682947409 1.253933288152656 -0.06969515282255463 0.5207759642367031 -0.06969515282255463 -0.3362916205287773
1305031469.827526 1.288772008238738 0.5650753489397478 1.240186124503154 -0.07125402087185957 0.5203176045380679 -0.07125402087185957 -0.3284400790814952
1305031469.859574 1.288055845371151 0.5643478641536039 1.238137894527031 -0.06854062203165709 0.5258279378240921 -0.06854062203165709 -0.3192101813761513
1305031469.895755 1.277513774503325 0.5600379540960001 1.228274325277793 -0.06648541617511576 0.5255988561201616 -0.06648541617511576 -0.3110148933278124
1305031469.927854 1.268649997209571 0.5610728650944331 1.215000648522362 -0.06980454659764551 0.5244795444031131 -0.06980454659764551 -0.300455585942975
1305031469.959805 1.2582656760147 0.5524727439345131 1.202757750610497 -0.0698231440296317 0.5253971276773384 -0.0698231440296317 -0.2961793976582819
1305031469.995551 1.248454039100503 0.5519440038435396 1.197215936819339 -0.07005501476243331 0.5292426865415456 -0.07005501476243331 -0.2879306096536242
1305031470.027694 1.241860788693396 0.5379431506596946 1.184251306211097 -0.06930706017079297 0.5293718138043502 -0.06930706017079297 -0.2856268330694626
1305031470.059638 1.235614093708176 0.5327127190498225 1.176249884801307 -0.0699192748373752 0.5324996939776467 -0.0699192748373752 -0.2786910155823705
1305031470.095944 1.231063081258632 0.5203706113409678 1.15975689576057 -0.07248726672101727 0.528766960201471 -0.07248726672101727 -0.2779154221993884
1305031470.127633 1.224600365983175 0.504365025736347 1.151041578779338 -0.06934102995792177 0.5273493724613477 -0.06934102995792177 -0.2735564650709461
1305031470.159626 1.219788008831558 0.48657791495992 1.139355634172753 -0.06954093714085771 0.5221716725509885 -0.06954093714085771 -0.2713594262026263
1305031470.196092 1.213958732601889 0.4767350824672516 1.131978508009516 -0.07212031626872924 0.5218678810012077 -0.07212031626872924 -0.2664192795675441
1305031470.227618 1.212889610955977 0.4660798588719429 1.117056986106772 -0.07767399411201478 0.5191671303745393 -0.07767399411201478 -0.2633149234741643
1305031470.259965 1.207614777637749 0.4378660674339329 1.110826135166686 -0.07039815556917607 0.515815329658894 -0.07039815556917607 -0.2666723529417768
1305031470.295718 1.201898920486899 0.4265975214786497 1.105228999442635 -0.0696442083012706 0.513514282949913 -0.0696442083012706 -0.2583621060567485
1305031470.327644 1.193528698476904 0.411042426853558 1.098341827753297 -0.06666937027932156 0.5116705908816434 -0.06666937027932156 -0.2515674429746849
1305031470.359624 1.187219141065134 0.3980105523473935 1.09412910788487 -0.06724488351431931 0.5095087945600304 -0.06724488351431931 -0.2442248724717896
1305031470.395823 1.17470472205829 0.3849200902352538 1.094095095533456 -0.06472980019707901 0.5077040717184773 -0.06472980019707901 -0.2341610951062358
1305031470.427641 1.169445931439482 0.3698657751567982 1.081791863654207 -0.06790910813890592 0.5079931014946248 -0.06790910813890592 -0.2353449440517556
1305031470.459721 1.157380882060898 0.3623786537789341 1.082450100158248 -0.06762264228337009 0.5104312700800255 -0.06762264228337009 -0.2278267400953355
1305031470.495686 1.149680054835964 0.3460365635167434 1.076264100382598 -0.06865696478545492 0.5096144411945051 -0.06865696478545492 -0.229945435746634
1305031470.527689 1.143632340674718 0.3408971737551751 1.074006170692097 -0.07208613455036346 0.5111914401093282 -0.07208613455036346 -0.225845569715387
1305031470.559677 1.140338079519817 0.3357618374029041 1.071766842176352 -0.0751597789342027 0.5125031200239882 -0.0751597789342027 -0.2218327382454466
1305031470.59576 1.131450511628572 0.3320912692840969 1.074300265108376 -0.07631479670747943 0.511625359872109 -0.07631479670747943 -0.2136328016053323
1305031470.627729 1.126501419045381 0.3273028534793475 1.072559774610854 -0.07934708384601946 0.5084549515710082 -0.07934708384601946 -0.2072898152029686
1305031470.65969 1.119387956227414 0.3177364067724693 1.069715477159791 -0.08042269799906783 0.5033444760963364 -0.08042269799906783 -0.2043157458835577
1305031470.69563 1.116295200757639 0.3119985341167497 1.064388225062498 -0.08515945774018693 0.5016789329145498 -0.08515945774018693 -0.2007492195405017
1305031470.727654 1.107543708199458 0.3123524900443644 1.068874319562154 -0.08773073290374844 0.502824801010283 -0.08773073290374844 -0.1918692863801975
1305031470.759682 1.10692457413628 0.3082969579722857 1.06359194375954 -0.09081745383157679 0.5017523096115558 -0.09081745383157679 -0.1936221558147494
1305031470.795615 1.088760156005969 0.302645547465672 1.073842012926182 -0.0757215337599756 0.5001765138291123 -0.0757215337599756 -0.1834289234296035
1305031470.827831 1.07873987898609 0.3099483624648016 1.082548082379961 -0.08029016990680721 0.4962653664193818 -0.08029016990680721 -0.1706811840459853
1305031470.859645 1.072078804698632 0.3096267300028661 1.092124023105332 -0.08435630394513598 0.4943382985486783 -0.08435630394513598 -0.1669502517303756
1305031470.895722 1.071078688043192 0.3024118057291261 1.090180673799121 -0.09189622984069627 0.4900616678267392 -0.09189622984069627 -0.1722198171525867
1305031470.927684 1.064799366139322 0.2999075839590238 1.094394997987303 -0.09785899936831066 0.4873701170437453 -0.09785899936831066 -0.1708369496857459
1305031470.959647 1.061851972436838 0.3016358998115503 1.09863400335328 -0.1120275397016031 0.4843322778920132 -0.1120275397016031 -0.1730382220746437
1305031470.995996 1.065098483941561 0.2937212443829266 1.097021416992206 -0.1223436478253604 0.4818062613256333 -0.1223436478253604 -0.1861782511681374
1305031471.027644 1.057187868476533 0.2860034851814358 1.098297881430873 -0.1218296741590709 0.4789190037187165 -0.1218296741590709 -0.1965365073494456
1305031471.059636 1.045982978093456 0.2805402174097419 1.105750467951991 -0.1203086847402954 0.4729546022059781 -0.1203086847402954 -0.2033815304401264
1305031471.095777 1.046849265009032 0.2760945667379319 1.106405010408187 -0.1292585286326983 0.466052466325279 -0.1292585286326983 -0.2121203614723991
1305031471.127663 1.037616681689525 0.2706818871121347 1.11217300151687 -0.1307357288829375 0.4597456514809862 -0.1307357288829375 -0.215354985636515
1305031471.159649 1.038844613885762 0.2604356194190394 1.110022795911241 -0.1353806994281607 0.4545807761077453 -0.1353806994281607 -0.2276712150653439
1305031471.195703 1.032344577516815 0.2573930317357017 1.115761127444049 -0.1342035287184483 0.4486057941661391 -0.1342035287184483 -0.2277063502998823
1305031471.227569 1.028607382826283 0.2514248213776396 1.115363871182122 -0.1337647379087656 0.4429477490737405 -0.1337647379087656 -0.230364338763005
1305031471.259722 1.019952190602458 0.2461809862608171 1.118026552384823 -0.1306604048986003 0.4385409082470818 -0.1306604048986003 -0.229878532953482
1305031471.296068 1.015248486475839 0.2400244423809166 1.116355866858265 -0.1306973652028857 0.4325723501006595 -0.1306973652028857 -0.2346183510191379
1305031471.327642 1.011878789928942 0.2382934514430784 1.119744235956214 -0.1299098851661168 0.4282097540738083 -0.1299098851661168 -0.2379561155644813
1305031471.359615 1.013309525956402 0.2348607435190554 1.119842972517678 -0.1266182546867997 0.4237873212114112 -0.1266182546867997 -0.2423065265044153
1305031471.39573 1.000564127662799 0.232065960026829 1.126118706848485 -0.1168009196025524 0.4173350285688209 -0.1168009196025524 -0.2423658340738595
1305031471.427704 0.9966276144899203 0.2258212566794843 1.127392250281515 -0.1178709478537968 0.4095408867675648 -0.1178709478537968 -0.2481137274593674
1305031471.459647 0.9939186547215809 0.2215254978587552 1.128774518219443 -0.1198079834960457 0.4058243520314929 -0.1198079834960457 -0.248794736501802
1305031471.496491 0.9917551371032067 0.2201644895480023 1.129614168334362 -0.1214293835460678 0.4026771337214362 -0.1214293835460678 -0.2473472180922661
1305031471.527624 0.9924555933253418 0.2142711404588739 1.127338356719714 -0.1239502470837514 0.39875817791325 -0.1239502470837514 -0.2509078644224246
1305031471.559671 0.9924555296020517 0.2142711112652665 1.127338370643195 -0.1239502470837514 0.39875817791325 -0.1239502470837514 -0.2509078644224246
1305031471.595702 0.9876757980314812 0.209552890634385 1.127648907563758 -0.1175792436803456 0.3959539244343923 -0.1175792436803456 -0.2534336687013972
1305031471.627621 0.9846999570550995 0.2066818145606188 1.128418875389076 -0.1125700698285138 0.3934033009274415 -0.1125700698285138 -0.2552336419187597
1305031471.659642 0.9834888400332708 0.2016658362034431 1.128611445765662 -0.1086572795237869 0.3888393424984689 -0.1086572795237869 -0.2603100322862283
1305031471.695609 0.988069612318873 0.1950706934045939 1.124182402265806 -0.1104980513997501 0.3818140779073464 -0.1104980513997501 -0.2681411871744027
1305031471.727501 0.9876186156757003 0.1889465009278347 1.127756828647557 -0.1062681085546369 0.3773522465944461 -0.1062681085546369 -0.2688971316246346
1305031471.759702 0.9901327309929799 0.1870695321580884 1.12541248427787 -0.10562691650262 0.3726322433905039 -0.10562691650262 -0.2715437207406778
1305031471.795801 0.987370628158321 0.1811849375143033 1.130631597126067 -0.09885226249271019 0.3624284976344612 -0.09885226249271019 -0.272769305181297
1305031471.827639 0.9876275664667916 0.1701343050175201 1.124032202696172 -0.09459227612348059 0.3530322298085058 -0.09459227612348059 -0.2770690421686173
1305031471.859665 0.9850142621190424 0.1718268478201232 1.12540184065685 -0.09274469700529572 0.3452350349446315 -0.09274469700529572 -0.2706973513512338
1305031471.895604 0.9894885087618356 0.1673340766646489 1.125265198402834 -0.09306925951513076 0.3381090145241896 -0.09306925951513076 -0.2689962539901611
1305031471.927651 0.986107190205705 0.1671097641382573 1.124616271922376 -0.08724144406746095 0.3341458853255582 -0.08724144406746095 -0.2628885417600361
1305031471.959643 0.9828318436283101 0.1713657497188652 1.125789608747531 -0.08147738134817085 0.3320354382270999 -0.08147738134817085 -0.259389980726085
1305031471.995573 0.9869979368616814 0.1548271251250387 1.114867936590399 -0.07661238999792658 0.3240371222438467 -0.07661238999792658 -0.2724523197938926
1305031472.027638 0.9805322906282218 0.1495158479739017 1.114230717695446 -0.06647906692314486 0.319650953712373 -0.06647906692314486 -0.2664191143862202
1305031472.059668 0.9807320681598743 0.1506458252921905 1.107626547470014 -0.06585162998470394 0.3170777789915675 -0.06585162998470394 -0.2663662650755987
1305031472.095601 0.9810502915846021 0.1351958098534293 1.098181799226445 -0.06267119363898072 0.3084608491899875 -0.06267119363898072 -0.2778135116815155
1305031472.127594 0.9790650676888139 0.1319440237846386 1.08946305253553 -0.06060081974000065 0.3070101938644406 -0.06060081974000065 -0.2752802263926299
1305031472.159645 0.9747813336127703 0.1380346230533117 1.09072127087765 -0.06156058274372007 0.3058229365005458 -0.06156058274372007 -0.2674924599931509
1305031472.195682 0.9708012032215595 0.1345489482875867 1.090295040427441 -0.06218387084194892 0.3003620354497433 -0.06218387084194892 -0.2716712214628754
1305031472.227626 0.964295965107974 0.1305236224296727 1.091136998164991 -0.05925312935051553 0.2958115825737853 -0.05925312935051553 -0.27347922720534
1305031472.26384 0.9634266669232924 0.1317987328288647 1.091353132895436 -0.05996753053429971 0.295783268188816 -0.05996753053429971 -0.2757822290377231
1305031472.295671 0.9600690871617911 0.127925936209995 1.090587385081798 -0.05882257696002346 0.2923686080015494 -0.05882257696002346 -0.2849252458554342
1305031472.327678 0.9688943057518193 0.1279050542626938 1.085505217402284 -0.06811414598861892 0.2893405087861571 -0.06811414598861892 -0.2920429017957157
1305031472.363577 0.9630113160792567 0.1241012043917313 1.085061514604634 -0.06431189027728181 0.2871829793159977 -0.06431189027728181 -0.2932016321793958
1305031472.395599 0.9592311154016059 0.12814120052479 1.086601482955052 -0.06668003593401077 0.285264104634129 -0.06668003593401077 -0.2899427265759048
1305031472.427686 0.9585457317146827 0.1289248315741041 1.08688814210827 -0.07078325753627208 0.285669595815146 -0.07078325753627208 -0.2913437149007599
1305031472.463603 0.9654714061880864 0.1334664582845414 1.087949009768362 -0.0777079620303973 0.2879242181011884 -0.0777079620303973 -0.2920408991753409
1305031472.495626 0.9674130960698656 0.1297003131924405 1.084688954957913 -0.07671578207982352 0.2874273453497484 -0.07671578207982352 -0.2979206163147168
1305031472.527625 0.9684581395056956 0.1334052919462587 1.087177283417346 -0.07666527552107173 0.2867622244204756 -0.07666527552107173 -0.2981408449743806
1305031472.563587 0.9673829464546108 0.1392579679716288 1.094610297394867 -0.07962502136324477 0.2854691736692789 -0.07962502136324477 -0.2984357146132051
1305031472.595675 0.9730151634692346 0.1350210152904502 1.093369186997596 -0.08390308258036598 0.2856558453861555 -0.08390308258036598 -0.3060085163124452
1305031472.627701 0.9735366191880094 0.1371871423332735 1.094528775417542 -0.0855262424320203 0.2849900347307107 -0.0855262424320203 -0.3060221323280419
1305031472.663575 0.9748887035334705 0.1456742734340461 1.099628116089856 -0.08941017970138047 0.2842208945546201 -0.08941017970138047 -0.3018133601397984
1305031472.695755 0.9747321896417243 0.1475355867622358 1.100804402459623 -0.0907687822610594 0.2839457617736111 -0.0907687822610594 -0.3035624610637348
1305031472.727628 0.9728918865449999 0.1508733061270537 1.1033695296363 -0.09148388716965702 0.283842795153482 -0.09148388716965702 -0.3048817989494658
1305031472.763578 0.974379021690559 0.1502280133593474 1.100475726108429 -0.09129471128337513 0.2854898281542184 -0.09129471128337513 -0.3107151498278393
1305031472.79564 0.9729760312308757 0.1548476828410988 1.104433224320585 -0.08979342270107789 0.2868260092239755 -0.08979342270107789 -0.3105466980021868
1305031472.827627 0.9724064731248869 0.1552545025934741 1.103799989164952 -0.08892058592238559 0.2868792939672264 -0.08892058592238559 -0.3147100113056881
1305031472.863598 0.9708094970100075 0.1552903125193704 1.104201318817846 -0.08876469457908902 0.2863425628599236 -0.08876469457908902 -0.3170673038378706
1305031472.895713 0.969738102672058 0.1534159485928268 1.103023522961396 -0.08939755573270974 0.2856053522475874 -0.08939755573270974 -0.3190016920961284
1305031472.927685 0.9697381065194197 0.1534159502800358 1.103023462250172 -0.08939755573270974 0.2856053522475874 -0.08939755573270974 -0.3190016920961284
1305031472.963756 0.9697382287256486 0.153416034179904 1.103023559818194 -0.08939755573270974 0.2856053522475874 -0.08939755573270974 -0.3190016920961284
1305031472.995704 0.9697382741821413 0.1534160323570127 1.103023547021295 -0.08939755573270974 0.2856053522475874 -0.08939755573270974 -0.3190016920961284
1305031473.027638 0.9679064571815333 0.1518021151768315 1.103015167886345 -0.08899391747269879 0.2856566692663223 -0.08899391747269879 -0.3192534632321156
1305031473.063684 0.9679064392585229 0.1518021154385005 1.103015209948805 -0.08899391747269879 0.2856566692663223 -0.08899391747269879 -0.3192534632321156
1305031473.095695 0.9705590524575555 0.152367648617998 1.101758814553064 -0.09021951785915863 0.2856145906656533 -0.09021951785915863 -0.3211506093762984
1305031473.127744 0.96828034096177 0.150379430443851 1.100245557462187 -0.08810947602964138 0.2844688362832155 -0.08810947602964138 -0.3226290795779478
1305031473.16706 0.9692647637342059 0.1503624485582456 1.098465152846323 -0.09056875194264215 0.2846285265743582 -0.09056875194264215 -0.3244987028206935
1305031473.196069 0.9707582160027 0.1508124888401952 1.09735020073422 -0.09217069779316506 0.285406355658813 -0.09217069779316506 -0.3263229814972589
