1305031453.39169 1.3112 0.8507 1.5186 -0.089797337548412 0.2361929969814578 -0.089797337548412 -0.3908884103304481
1305031453.423683 1.329050742321984 0.8491449638776816 1.524460083545651 -0.09473042914171162 0.221793097913947 -0.09473042914171162 -0.388556651361039
1305031453.459685 1.347063478407859 0.8519815522784311 1.528179492522216 -0.100458645160591 0.2121917936453294 -0.100458645160591 -0.3881515341286365
1305031453.491698 1.348907204791095 0.8443927536407667 1.532137679751563 -0.09577508967621809 0.20333959801864 -0.09577508967621809 -0.3922851145673807
1305031453.523684 1.354684513816128 0.8345123285949172 1.539111171699735 -0.09377522921296076 0.1902359353035306 -0.09377522921296076 -0.3959902635316297
1305031453.559753 1.362685598553756 0.8281631864022834 1.547181699377767 -0.09533643895585348 0.1791928977141933 -0.09533643895585348 -0.4004788280707802
1305031453.59164 1.368694379600893 0.8178300669189669 1.552120108955643 -0.09707624199077916 0.1710757530261971 -0.09707624199077916 -0.406454196543271
1305031453.627706 1.379219524910339 0.8048204933406586 1.556089967133531 -0.09962790019478689 0.1649075338329633 -0.09962790019478689 -0.4135952693784153
1305031453.6596 1.37418927886836 0.7869603007965084 1.564991908273893 -0.09833867624214999 0.1591199718171073 -0.09833867624214999 -0.4192325640172196
1305031453.691678 1.369638465692604 0.766515212534413 1.569820497777566 -0.09982858705023639 0.1599356529367121 -0.09982858705023639 -0.4265185222932977
1305031453.727652 1.37490569397646 0.7519639884225331 1.570802565931027 -0.1056358131334507 0.1651640016715973 -0.1056358131334507 -0.4323153396580694
1305031453.759694 1.38117376603996 0.7303512158176001 1.568913092392906 -0.1117902500149208 0.169116377387572 -0.1117902500149208 -0.4374143006193346
1305031453.791716 1.371087475339239 0.7130183605212022 1.576794436840855 -0.1142910386979102 0.1780562920807298 -0.1142910386979102 -0.4395632513623219
1305031453.827773 1.376943314224197 0.6952501460121253 1.574631178869314 -0.1222863939683304 0.1888236728167171 -0.1222863939683304 -0.4436605204628321
1305031453.859705 1.372573776581145 0.6806064799584043 1.579673855349981 -0.1262817058383857 0.1967189725660362 -0.1262817058383857 -0.4442029169508366
1305031453.89171 1.362240183958693 0.6564020342387735 1.57746858188286 -0.1327137186310453 0.2059734109288307 -0.1327137186310453 -0.4461827661858523
1305031453.927723 1.353787781133931 0.6390917752141367 1.582300062222853 -0.1435542271702686 0.2163396410660222 -0.1435542271702686 -0.4419323716538269
1305031453.959641 1.345255038527221 0.6216286111142737 1.581011402694404 -0.1571449559159259 0.2256145372780482 -0.1571449559159259 -0.4370708542356748
1305031453.991624 1.333384968712402 0.6115465300726297 1.58648826457794 -0.1655463423980764 0.2399800600861846 -0.1655463423980764 -0.4305472342340285
1305031454.027662 1.326771257091871 0.6115554080375686 1.59829424176633 -0.1719365888530494 0.2558419325775063 -0.1719365888530494 -0.4227632835745037
1305031454.059654 1.323503885306265 0.6048068189633613 1.601128161540475 -0.1815271170350657 0.2687541991766448 -0.1815271170350657 -0.4215357256012793
1305031454.091651 1.307783724622902 0.594280051571823 1.609480133638312 -0.1845895445201418 0.283090633344425 -0.1845895445201418 -0.4179961872488976
1305031454.127701 1.29647808408305 0.5872672976011686 1.613431384208612 -0.189115824694732 0.2983210877370717 -0.189115824694732 -0.4152795767421741
1305031454.159672 1.287411737068755 0.5844997020294378 1.618312375839762 -0.1974324920966752 0.3157117559682944 -0.1974324920966752 -0.4127793811672
1305031454.191658 1.282976892021855 0.5793580192551538 1.618826639686296 -0.2079989816110174 0.3324789960633862 -0.2079989816110174 -0.4086046948096068
1305031454.227671 1.278142437824352 0.5694653731737901 1.611134605324851 -0.2185015683008172 0.3498402904812177 -0.2185015683008172 -0.4052877432648582
1305031454.259627 1.268849626042529 0.5674988784403189 1.615978201746159 -0.2279608598387474 0.3703659082155768 -0.2279608598387474 -0.401161245514906
1305031454.291639 1.262537261881471 0.5537345477753928 1.605590405767972 -0.2340485292546208 0.3869502698773929 -0.2340485292546208 -0.4075383194676672
1305031454.327699 1.257508963495526 0.5462061089319488 1.606116628439253 -0.2347694123242532 0.4002801848765762 -0.2347694123242532 -0.4042655358116679
1305031454.359636 1.242347724343283 0.5371613549779103 1.61684641658368 -0.2347268063403558 0.4161587431514388 -0.2347268063403558 -0.4010686186758937
1305031454.391677 1.242222348699306 0.5236490487251114 1.597786604202808 -0.2428631159335164 0.43004427284561 -0.2428631159335164 -0.4100383268930873
1305031454.427465 1.236921339286349 0.5215446322952686 1.605816443560028 -0.2439394402110589 0.4444100975909331 -0.2439394402110589 -0.4061138922272074
1305031454.459913 1.224393772284438 0.515168441668175 1.604565420683028 -0.2484166233230915 0.4619257812262385 -0.2484166233230915 -0.4032514830363864
1305031454.491617 1.22419798738828 0.5166636770298944 1.603908338520352 -0.2529851140017531 0.4785717910352825 -0.2529851140017531 -0.4009930069436249
1305031454.5277 1.220183025294542 0.5092184390070474 1.603669167544625 -0.2502454963372163 0.4934617007249069 -0.2502454963372163 -0.4009736063261688
1305031454.559575 1.222609691612212 0.499043467647564 1.597962768130186 -0.2491964234299874 0.5086619344174426 -0.2491964234299874 -0.400768495650798
1305031454.591635 1.218760908554494 0.4831731554662507 1.589798943526084 -0.2466996402357748 0.5200251527508759 -0.2466996402357748 -0.3989426405218147
1305031454.62758 1.212258611462228 0.4720133002725517 1.594954178257269 -0.2448535186503351 0.5382737361891746 -0.2448535186503351 -0.3921597013970294
1305031454.659528 1.210422865172229 0.4660522727557186 1.589452297773185 -0.2500408938771995 0.5540110353349542 -0.2500408938771995 -0.3868842530921436
1305031454.691884 1.214501596348105 0.460891860065352 1.582290624712866 -0.2573696370693674 0.5646363506522138 -0.2573696370693674 -0.3779940637780401
1305031454.727659 1.214149515695088 0.4565295580551467 1.581180469139105 -0.2644103999476187 0.5756847623017947 -0.2644103999476187 -0.3660892725717471
1305031454.759732 1.219887603815822 0.4595075869441924 1.574299033362581 -0.2746240661466101 0.5852882847850286 -0.2746240661466101 -0.3580465307709071
1305031454.791641 1.225425866721219 0.469524133869825 1.563229527538909 -0.2842867795157553 0.585443657737334 -0.2842867795157553 -0.3491205281446551
1305031454.82757 1.233381480092887 0.473683259795294 1.553355859597103 -0.2917449371979029 0.580394199766009 -0.2917449371979029 -0.3431034558007945
1305031454.85962 1.246168144302805 0.4800322817014143 1.542806942402679 -0.2982259099510601 0.5760279266306672 -0.2982259099510601 -0.3378917180442439
1305031454.891764 1.25486702166045 0.474367708504951 1.539807868136053 -0.2960153088009359 0.5702623733250556 -0.2960153088009359 -0.3351216543773871
1305031454.927567 1.258481729194317 0.476053375092285 1.534194701235048 -0.2950727407640347 0.5636286561207702 -0.2950727407640347 -0.3315658538465157
1305031454.959648 1.266486442337639 0.4723812110700855 1.527585106562386 -0.2928093024649167 0.5570994357744492 -0.2928093024649167 -0.330386290384478
1305031454.991937 1.265879369441932 0.4679826138552136 1.522229339106606 -0.2900623600224755 0.55084574759754 -0.2900623600224755 -0.3276268175980408
1305031455.027799 1.268083817096562 0.4554443703248074 1.518871284941776 -0.2878853320951184 0.5448155153931968 -0.2878853320951184 -0.3273027564266079
1305031455.059636 1.272355645776492 0.4501781614327399 1.510748811610981 -0.2902747087878158 0.5415482257368861 -0.2902747087878158 -0.326197196663974
1305031455.0917 1.274072537606358 0.4428233922917597 1.50843966499984 -0.2882003194685448 0.5390667251954255 -0.2882003194685448 -0.3255035483104831
1305031455.127695 1.272036707167504 0.4291549841115029 1.50471261275378 -0.2847506065156256 0.5369455718274163 -0.2847506065156256 -0.3296339358422971
1305031455.15972 1.277465988136688 0.410834595843781 1.498968281771387 -0.2806360698577766 0.5336658258904976 -0.2806360698577766 -0.3356345134464198
1305031455.191655 1.272618274195407 0.3992549523967396 1.494498388472827 -0.2779944181576685 0.5290326496351937 -0.2779944181576685 -0.3358922157350009
1305031455.227581 1.271455368902557 0.381353690442605 1.491500830577098 -0.274752403674502 0.5233435892470502 -0.274752403674502 -0.335904013009977
1305031455.259631 1.26769576726512 0.3711813000872071 1.489757030559852 -0.2745706941635518 0.5172534625254681 -0.2745706941635518 -0.3356506688441478
1305031455.291831 1.269246741414823 0.3532354191536802 1.484639931726682 -0.2714199067166107 0.5112575526477399 -0.2714199067166107 -0.3373391187537291
1305031455.327766 1.262195311523851 0.3370492917055462 1.483261387467474 -0.2664426088753169 0.5025646821298566 -0.2664426088753169 -0.3329838105337213
1305031455.35963 1.256601852187964 0.3241433056897419 1.480966136118242 -0.2674315148632699 0.4925575929880145 -0.2674315148632699 -0.3274179804725201
1305031455.391665 1.256647248592849 0.3082599978942163 1.476038387859259 -0.2657371236589635 0.48781661032802 -0.2657371236589635 -0.3226677012233213
1305031455.427642 1.246746380910853 0.3003274721053238 1.479129015402859 -0.2587140107667799 0.481149266077291 -0.2587140107667799 -0.314330868829126
1305031455.459589 1.236546013999478 0.2915909797884562 1.481316298127425 -0.2551693702319401 0.4711958443238502 -0.2551693702319401 -0.3070152829501775
1305031455.491637 1.227929459848459 0.2730289963246876 1.488793230274316 -0.251130537603636 0.4624513931288868 -0.251130537603636 -0.3042943815285304
1305031455.52761 1.222527014507468 0.2513095843819372 1.491502975600543 -0.2483447781893911 0.4529795211205397 -0.2483447781893911 -0.3044672868508873
1305031455.559669 1.21262679398627 0.2440955490990333 1.493849302875683 -0.2514541503805014 0.4399018652017714 -0.2514541503805014 -0.2980038976010905
1305031455.591645 1.194293122721428 0.2202085710237452 1.502440171585243 -0.250949979444192 0.429079888942873 -0.250949979444192 -0.2973618300320471
1305031455.627617 1.186861627552366 0.1908855068021269 1.507782398803827 -0.2518326923523453 0.4182256324403346 -0.2518326923523453 -0.2992746310282575
1305031455.659615 1.174930837038247 0.1861083548380132 1.514287806935719 -0.2556865532360345 0.4066688714293931 -0.2556865532360345 -0.2913503576958813
1305031455.691605 1.160229120795335 0.1705517489285932 1.522989508982173 -0.2553444238339114 0.3996301980682544 -0.2553444238339114 -0.2941288570301745
1305031455.727628 1.153875955995495 0.1564756008254559 1.524493843689903 -0.2560543084860337 0.3988157853849399 -0.2560543084860337 -0.2994727744673844
1305031455.759683 1.148772019782075 0.1515257254232788 1.531750813299559 -0.2547820941618726 0.4015434948960062 -0.2547820941618726 -0.3007077961963777
1305031455.791666 1.139044812582038 0.1374967087790575 1.539641247470867 -0.2487838574041784 0.4020009917520662 -0.2487838574041784 -0.3045958070855971
1305031455.82759 1.123329927110527 0.1289332806618852 1.555741898895781 -0.2436482518811276 0.3990900996800976 -0.2436482518811276 -0.3054203321518038
1305031455.859526 1.117855798909356 0.1220352550591166 1.566462753029388 -0.2439943776132761 0.3965396657449252 -0.2439943776132761 -0.3067135927875342
1305031455.891657 1.108045335690631 0.1068313056595811 1.579249525400726 -0.2401954937010168 0.3967410422849259 -0.2401954937010168 -0.3084630706383196
1305031455.927955 1.100851899026902 0.09578187719394265 1.591165670546414 -0.2370908927145116 0.3959997296505936 -0.2370908927145116 -0.3095206132906818
1305031455.959716 1.09186619834068 0.07929513999681868 1.60380228416363 -0.2309757322611394 0.3952003411699911 -0.2309757322611394 -0.3117019041398818
1305031455.991694 1.080678684795551 0.06166836650823702 1.610685946194068 -0.224517323413031 0.3955566771858509 -0.224517323413031 -0.3163022030827657
1305031456.02777 1.078471582268634 0.05658412890635426 1.617874019699723 -0.2206785905794553 0.3963320943414946 -0.2206785905794553 -0.315564286411614
1305031456.059713 1.079553998521529 0.04414687552474202 1.62165577635071 -0.2141988783058877 0.3970001376157003 -0.2141988783058877 -0.3148809599012429
1305031456.091707 1.06870160735957 0.03572363721146475 1.631205449867128 -0.2027348741948577 0.4032048755686594 -0.2027348741948577 -0.3090773698425811
1305031456.127645 1.053180576180643 0.03176031968434043 1.640333383678076 -0.1940715786019378 0.40707957295765 -0.1940715786019378 -0.3052270818493358
1305031456.159731 1.03784917231974 0.024345112002584 1.652533024323161 -0.1865213124356324 0.4070500906401778 -0.1865213124356324 -0.3048073053307013
1305031456.191658 1.033693835653234 0.02613472068306981 1.658615628098069 -0.1833437683619775 0.4059856489729231 -0.1833437683619775 -0.3048958288111609
1305031456.227678 1.019659679769194 0.03050436978960321 1.671484523966927 -0.1784603949899498 0.400838618641143 -0.1784603949899498 -0.3075894323693902
1305031456.291675 1.023973584404844 0.02384823918095434 1.669961324032948 -0.1753277978123288 0.3939817417858619 -0.1753277978123288 -0.3149957057474259
1305031456.327718 1.011400326874403 0.04803979369290511 1.681418533731604 -0.1685244940104249 0.3787917290035706 -0.1685244940104249 -0.3126893082056904
1305031456.391619 0.9909522052212122 0.0308396670087609 1.691569540530151 -0.1549936355769206 0.3705249726610309 -0.1549936355769206 -0.3223917246711379
1305031456.427662 0.9921913420549239 0.04785117696066502 1.690061267700951 -0.1498504075019342 0.3525938381054318 -0.1498504075019342 -0.3271376712120442
1305031456.491677 0.9445663703436326 -0.004721157394460766 1.695066627554379 -0.120977169029478 0.3453301311195768 -0.120977169029478 -0.3486081251311244
1305031456.527641 0.9304936088609774 -0.08878042317355109 1.688207271396712 -0.1040194971581191 0.3319779729947194 -0.1040194971581191 -0.3656561609077478
1305031456.591651 0.8944556121652144 -0.0837456751506583 1.669898505111723 -0.102173495676624 0.3290829602474385 -0.102173495676624 -0.3600973713055549
1305031456.627612 0.8611696763239796 -0.1007115959871295 1.662555845565381 -0.095217218706885 0.317546437016857 -0.095217218706885 -0.3613889921942706
1305031456.691612 0.8596309775283005 -0.1134707475650445 1.641272994558518 -0.09103897928956194 0.3110755634389469 -0.09103897928956194 -0.3572680019496835
1305031456.727693 0.8143482861278249 -0.1140439642478845 1.630619264137723 -0.07991243984635649 0.2956231925095674 -0.07991243984635649 -0.3505344345071276
1305031456.791649 0.7971644683159487 -0.131647268093964 1.621504338907483 -0.07716865894426099 0.2852971802674086 -0.07716865894426099 -0.3487799346242957
1305031456.827603 0.7155545079482869 -0.1762207330229929 1.608147916298408 -0.06247424311865025 0.2765910547141371 -0.06247424311865025 -0.3565783516490527
1305031456.891672 0.7547890909969446 -0.1601936381301508 1.580518777239628 -0.09062861716043319 0.2730454451460147 -0.09062861716043319 -0.3538909977510038
1305031456.92769 0.7467655383233266 -0.1616835591844878 1.571057924522708 -0.09226360955814576 0.2648268376590952 -0.09226360955814576 -0.3466721712672557
1305031456.959667 0.7172434913862499 -0.1539265346143186 1.55749113540885 -0.08736373499755007 0.2549438699053842 -0.08736373499755007 -0.3497956079512219
1305031456.991709 0.7182750106673536 -0.1711782073739559 1.541525318949302 -0.08647490824244503 0.2473707437339202 -0.08647490824244503 -0.3547947429534042
1305031457.027648 0.7020825857743757 -0.1729083900436429 1.536546286631589 -0.07937833632684327 0.2437661306891863 -0.07937833632684327 -0.3485129988160409
1305031457.091655 0.6832863664616919 -0.1780253212059129 1.52781999815775 -0.07388882142418494 0.2381745936784916 -0.07388882142418494 -0.3497401651646791
1305031457.127632 0.6983751615442609 -0.1913400976193088 1.525603752048759 -0.07801187268436627 0.227230089378307 -0.07801187268436627 -0.3398693702584264
1305031457.191735 0.6676134525589558 -0.1747765574506182 1.526132347643632 -0.0684334380577484 0.2216467705778624 -0.0684334380577484 -0.3316847792517346
1305031457.227543 0.6510851550178737 -0.1805245647317442 1.529753434805333 -0.0642273160215613 0.2034794564777434 -0.0642273160215613 -0.3322813105662179
1305031457.291656 0.6507562906025377 -0.1754458483322802 1.542792607120015 -0.06502858376149052 0.1966527413909428 -0.06502858376149052 -0.3225813734058678
1305031457.327548 0.6211903716377306 -0.195560371220372 1.531027637761154 -0.05470296942935004 0.1784870598074938 -0.05470296942935004 -0.3429247206490765
1305031457.391684 0.6287701098700764 -0.2003719653681315 1.559172197266866 -0.05583095558741518 0.1697847689121148 -0.05583095558741518 -0.3369300547699065
1305031457.427641 0.6176108559414768 -0.2047864084439825 1.553586061231986 -0.04978895039832499 0.1500851027387946 -0.04978895039832499 -0.3474857751687305
1305031457.491705 0.6144075102189122 -0.1888479101258269 1.607028570920932 -0.05185490199430495 0.1388419210142299 -0.05185490199430495 -0.3270649986031224
1305031457.527638 0.5887320472224615 -0.1995588667853447 1.614216431479683 -0.0503966305725442 0.1288619695534383 -0.0503966305725442 -0.3297060249980905
1305031457.559685 0.5847526439546179 -0.1884198025935472 1.627346756209249 -0.0532042531091073 0.1253196311470965 -0.0532042531091073 -0.3270539055256379
1305031457.591678 0.5792717940612272 -0.189813272641998 1.643296335245587 -0.05270751822045745 0.120489061408008 -0.05270751822045745 -0.3269461806291484
1305031457.627526 0.5703937898197419 -0.1975506275966211 1.659002792667056 -0.05094728445518572 0.1152515103656774 -0.05094728445518572 -0.3274495258561824
1305031457.659632 0.5553644597487933 -0.2218528607953286 1.681074995540461 -0.0473375693488796 0.1105590807891943 -0.0473375693488796 -0.3291020087902877
1305031457.69157 0.5398595364364358 -0.2310875407264234 1.687249382106797 -0.04582442772111962 0.1052888815849281 -0.04582442772111962 -0.332038309190452
1305031457.727669 0.5277358563936625 -0.242032874683993 1.690354164301966 -0.04538477984183999 0.1019150335266487 -0.04538477984183999 -0.3291726506228782
1305031457.759556 0.5120036839889481 -0.2304155066445558 1.710917656782783 -0.04291549960260464 0.1027551504820556 -0.04291549960260464 -0.3222023877261292
1305031457.791567 0.5008608839759562 -0.2328731245331772 1.719396180743207 -0.04144272023222027 0.1030874629018836 -0.04144272023222027 -0.3257132599466299
1305031457.827699 0.4949822848750972 -0.2214788646124021 1.738202758780319 -0.04043023841613051 0.1038697216530726 -0.04043023841613051 -0.3288744421754672
1305031457.859623 0.4794518239042815 -0.2299362730177597 1.745789989278889 -0.03381851638430799 0.09874947257842621 -0.03381851638430799 -0.3394996377924727
1305031457.891593 0.4714133352132666 -0.2452405708189792 1.747941050154461 -0.02824434786620655 0.0942062882604294 -0.02824434786620655 -0.3474788948724052
1305031457.927633 0.4555187410975539 -0.2366403823590978 1.762107052495783 -0.02304796242609342 0.0902790331276697 -0.02304796242609342 -0.3529757662011434
1305031457.991644 0.4329576040491132 -0.2524268435400155 1.767475221359776 -0.02004994591769205 0.08294439333725966 -0.02004994591769205 -0.3675335184829615
1305031458.027845 0.3995257876797612 -0.249866260677867 1.768261301501371 -0.02098751030255512 0.07476480753718286 -0.02098751030255512 -0.3784697737575124
1305031458.059689 0.3908402533179943 -0.2274912620189006 1.7758759708327 -0.02161562539119997 0.07372286977208679 -0.02161562539119997 -0.38207623741885
1305031458.09169 0.3904755906725202 -0.2350398071635728 1.775811270650796 -0.02361753698822408 0.06977840732656328 -0.02361753698822408 -0.3911386615038311
1305031458.127605 0.3780008681350196 -0.2694183628468639 1.780584783086868 -0.02039158793175293 0.06458493064103793 -0.02039158793175293 -0.3970641149591769
1305031458.159638 0.3603377287001008 -0.2756881845022456 1.774077307254905 -0.01680576658513004 0.06158528394282837 -0.01680576658513004 -0.3995565488587059
1305031458.191646 0.3257010690199569 -0.2662740208893595 1.772674686712302 -0.01030251369177537 0.05831029567902235 -0.01030251369177537 -0.4000485636634463
1305031458.227611 0.3030029050565937 -0.265321641601205 1.789370529588832 -0.009187722347501575 0.05564334380112002 -0.009187722347501575 -0.394669143295917
1305031458.259934 0.2855441897749195 -0.2640140356961445 1.804419012851797 -0.009501413616314815 0.05834264293343421 -0.009501413616314815 -0.3836596422026508
1305031458.291664 0.2694598228155644 -0.2483085147538364 1.800074528198083 -0.01234704359430778 0.06123084236349698 -0.01234704359430778 -0.3812001764529545
1305031458.327628 0.2519528634211438 -0.2418908542792184 1.79151474461742 -0.01844751965459165 0.06377899749513787 -0.01844751965459165 -0.3890699969010464
1305031458.35959 0.247271675773522 -0.2446713179144143 1.795734314182165 -0.02869539453639414 0.06410010723403366 -0.02869539453639414 -0.388606279170438
1305031458.391626 0.2205346792401208 -0.2254538816223604 1.788338402195873 -0.03289995624706914 0.06266157640619853 -0.03289995624706914 -0.3933105078563804
1305031458.427598 0.2019631495143392 -0.2054749283542142 1.784246444675967 -0.03729034417222924 0.06214466666250539 -0.03729034417222924 -0.3995862489334344
1305031458.459637 0.1914064446598439 -0.2107239204409816 1.771055066109817 -0.04289931037052286 0.05452307350041419 -0.04289931037052286 -0.4084415873207162
1305031458.491696 0.1892022308367326 -0.1857863514572861 1.756684076854902 -0.04731865343306869 0.04561263731620913 -0.04731865343306869 -0.4174425193572948
1305031458.527737 0.1980793778937884 -0.1524460921395334 1.750570502898613 -0.0503378390394529 0.04530816578811783 -0.0503378390394529 -0.4294880872846634
1305031458.559628 0.1980731387634982 -0.1593382117973441 1.745503662948843 -0.04874400149205082 0.03989381302063977 -0.04874400149205082 -0.4454745275197093
1305031458.591641 0.1842714157691993 -0.190991609603579 1.719342050002536 -0.04028239373828402 0.03634207639935962 -0.04028239373828402 -0.4646795018930076
1305031458.627659 0.1435223419007916 -0.189070048355728 1.70483055454556 -0.02493374477980061 0.03729212347735802 -0.02493374477980061 -0.475965944694056
1305031458.659623 0.1380490405386982 -0.2040188909643136 1.705807906836966 -0.02480453028667447 0.03873236985241521 -0.02480453028667447 -0.4764053550085001
1305031458.691674 0.1144675280506734 -0.2067082539717202 1.711499979612989 -0.02410071661092073 0.04073566972194807 -0.02410071661092073 -0.4672640332859048
1305031458.72765 0.1103580556115669 -0.1977585598525566 1.69074676713679 -0.03711234578964968 0.05437247905709661 -0.03711234578964968 -0.462173806298806
1305031458.759945 0.08505034133398696 -0.1761924873602113 1.671869479095704 -0.04060809891154469 0.06839853458281096 -0.04060809891154469 -0.4599808543982177
1305031458.791632 0.07380479566300256 -0.1693184038012695 1.650234554553941 -0.05070894147106238 0.08241793592538812 -0.05070894147106238 -0.4659673814170676
1305031458.827564 0.06720693231981138 -0.1734417857817511 1.626796124742444 -0.05927977253514128 0.09825943623269667 -0.05927977253514128 -0.4675854118090281
1305031458.891665 0.06719229729420303 -0.1603711038078821 1.622355370738354 -0.06685312960451205 0.1048410516830094 -0.06685312960451205 -0.4586467132010144
1305031458.927621 0.07169445878397807 -0.1260077770526596 1.616835711440017 -0.07560671747034538 0.1123870984641864 -0.07560671747034538 -0.4593328233754084
1305031458.959617 0.05953919713957399 -0.1525324363286526 1.616980530951202 -0.06503405004474647 0.1064824386414173 -0.06503405004474647 -0.4635300305709572
1305031458.991647 0.04691563157979163 -0.1572684101875416 1.620657071753511 -0.05996168249571213 0.09472515162395015 -0.05996168249571213 -0.4573530101645901
1305031459.027665 0.0341427654374133 -0.1327307686959232 1.600350927730973 -0.06230743129221429 0.09157819357659115 -0.06230743129221429 -0.4625226411868035
1305031459.059631 0.008132665879344334 -0.1166904154838536 1.592563668628036 -0.06582561088474397 0.09068395160814875 -0.06582561088474397 -0.4704345549271033
1305031459.127618 0.02592664735299247 -0.1140098006904899 1.607982912819037 -0.08619027703653587 0.08821030355860882 -0.08619027703653587 -0.4704765223390417
1305031459.159639 0.02592664735299247 -0.1140098006904899 1.607982912819037 -0.08619027703653587 0.08821030355860882 -0.08619027703653587 -0.4704765223390417
1305031459.191674 0.01181168436830411 -0.1090531510565317 1.617037628335879 -0.1099795382959738 0.0941617544457635 -0.1099795382959738 -0.467297978001443
1305031459.227607 0.0007863515071558046 -0.1181201326815167 1.615406115077256 -0.1295881588763213 0.09267785663561139 -0.1295881588763213 -0.4678965205050484
1305031459.25976 0.001031034173993597 -0.1249487039510161 1.615362147522742 -0.1479596175946005 0.08668006805964434 -0.1479596175946005 -0.4646733411781819
1305031459.327632 -0.01112554996863471 -0.1246067206581833 1.604023584856004 -0.1529918421716435 0.0792658014051412 -0.1529918421716435 -0.4631156662765401
1305031459.359651 0.0250377137631967 -0.1166169204030184 1.601399420793954 -0.162006583434219 0.03038469859533077 -0.162006583434219 -0.4540581316586661
1305031459.391667 0.01964815610997377 -0.1248194262614036 1.570810058674746 -0.1503507175766246 0.003546651500372532 -0.1503507175766246 -0.4659101698236152
1305031459.427646 -0.006070142193021207 -0.1511701018592274 1.541193294209028 -0.1273047045055371 -0.02794350908886951 -0.1273047045055371 -0.4720652370292838
1305031459.459679 0.07867723212964969 -0.128745544266686 1.555556017414015 -0.1495665865357816 -0.04098848214117674 -0.1495665865357816 -0.4393325209269913
1305031459.527594 0.06746279089865909 -0.1335335180420202 1.548052596311865 -0.1296842059538724 -0.09042782204015586 -0.1296842059538724 -0.4358600806275212
1305031459.559647 0.06746279089865909 -0.1335335180420202 1.548052596311865 -0.1296842059538724 -0.09042782204015586 -0.1296842059538724 -0.4358600806275212
1305031459.591695 0.04230762607336934 -0.1230728829592381 1.524842247885231 -0.119794842697819 -0.1222474232422075 -0.119794842697819 -0.4311569470424946
1305031459.627608 0.01628798008130601 -0.1360700388367125 1.510123178657364 -0.1136758424957138 -0.1411024842570911 -0.1136758424957138 -0.4318370325718058
1305031459.659641 -0.006697198356562035 -0.143139801420457 1.497413652575702 -0.1105820060416157 -0.1520229946789926 -0.1105820060416157 -0.432465398523971
1305031459.691604 0.0005317466551484394 -0.1397594676667294 1.484751478289303 -0.1124953764163528 -0.1531945012820862 -0.1124953764163528 -0.4338257828126245
1305031459.727551 -0.006383653376442851 -0.1490255940996962 1.491829480090544 -0.1052354758377486 -0.1585542752470178 -0.1052354758377486 -0.427753752348157
1305031459.79165 -0.02841576448307363 -0.1403034123415492 1.4800089483966 -0.09551471645139481 -0.165478737979962 -0.09551471645139481 -0.4280961326118472
1305031459.827664 -0.03245586951913805 -0.131351843145174 1.484959150914324 -0.09972316889707113 -0.1619428408550904 -0.09972316889707113 -0.4308087719902807
1305031459.85966 -0.05470354794769479 -0.1377272354499007 1.499493683810217 -0.09702477052296528 -0.1602080673691291 -0.09702477052296528 -0.4292035910651914
1305031459.891596 -0.0695763076458087 -0.1496073721193141 1.507678176807529 -0.09872969756966118 -0.1565993264481954 -0.09872969756966118 -0.42706583528366
1305031459.927607 -0.09389501516696888 -0.1511100354811201 1.519058668645467 -0.09902920133187039 -0.1558643014824717 -0.09902920133187039 -0.4208610603856437
1305031459.991725 -0.1035039192959286 -0.1357388521201542 1.526668610134863 -0.1038350385723215 -0.156960859264624 -0.1038350385723215 -0.4155450255503562
1305031460.027565 -0.1452698459005171 -0.1394945168406068 1.536518766881448 -0.1033067887136223 -0.161183974805948 -0.1033067887136223 -0.4117631887414385
1305031460.059659 -0.1530087450913949 -0.1229057065522399 1.541042353605844 -0.1058020490741146 -0.1634395105177212 -0.1058020490741146 -0.4078130104415527
1305031460.091717 -0.1554312859795819 -0.1096484623535682 1.54736915843959 -0.1105329168501877 -0.1641737655407043 -0.1105329168501877 -0.4052063603095793
1305031460.12769 -0.1879963192285866 -0.1053086326764685 1.559176811075548 -0.1104210893416958 -0.1704912956559166 -0.1104210893416958 -0.4038026557195489
1305031460.159678 -0.2160652584765047 -0.09559040564971341 1.563379162063486 -0.1170863154968097 -0.1784256291527044 -0.1170863154968097 -0.4047240993626984
1305031460.191559 -0.2161044605434019 -0.08921411434768069 1.569883178912931 -0.1316952922926946 -0.1818043753729491 -0.1316952922926946 -0.4034598631446939
1305031460.227761 -0.215939578981486 -0.1057981681778338 1.577775076551973 -0.1444827389962543 -0.1837689366645182 -0.1444827389962543 -0.4015609782272724
1305031460.291689 -0.1839010003867518 -0.08597324919205701 1.587879887204367 -0.1600432801460381 -0.1852234496780921 -0.1600432801460381 -0.3917179461324632
1305031460.327512 -0.179560021188735 -0.06804917604237795 1.596428404945934 -0.153581899615435 -0.1909927761281276 -0.153581899615435 -0.3937493681173911
1305031460.391611 -0.2175315675822738 -0.06135521444548024 1.608918337948386 -0.133550043676118 -0.1997013103154383 -0.133550043676118 -0.3970316040285467
1305031460.427477 -0.220106188633437 -0.06738430972231195 1.606782905730704 -0.1234400451463205 -0.2102829495372663 -0.1234400451463205 -0.4017282843864616
1305031460.45962 -0.228222752870743 -0.05414377663713867 1.610918420288542 -0.1144908856570683 -0.2209248429473506 -0.1144908856570683 -0.4002141523983824
1305031460.491504 -0.2283741046255277 -0.05404657731373528 1.613707439042664 -0.106267448275466 -0.2289527976943991 -0.106267448275466 -0.400239691255644
1305031460.52757 -0.2354350130144374 -0.05476764478359923 1.617953695597987 -0.09457692229278587 -0.2405262787972362 -0.09457692229278587 -0.39633594746261
1305031460.559647 -0.2506906526265482 -0.04704030050042852 1.621664253590955 -0.08257311386494777 -0.2554847763887136 -0.08257311386494777 -0.3900578814308969
1305031460.591855 -0.2536947224368565 -0.03633764216958194 1.619880188909281 -0.07468833436798419 -0.2636816082754456 -0.07468833436798419 -0.3860380504461474
1305031460.627625 -0.2484053255980571 -0.03126983415261948 1.619959345776215 -0.07095697699022221 -0.2679466330849198 -0.07095697699022221 -0.3845819455876195
1305031460.659764 -0.256685368820777 -0.02538507342619084 1.622803225031686 -0.06248455989739767 -0.2733369718853569 -0.06248455989739767 -0.3838077967153614
1305031460.691671 -0.2620640223422619 -0.01593271344803894 1.625421682511886 -0.05559732323421283 -0.2767373608801662 -0.05559732323421283 -0.3834016076339244
1305031460.727675 -0.2854178623598415 -0.013999905068489 1.629750593028553 -0.04591778183597921 -0.2797794105534206 -0.04591778183597921 -0.383166653866105
1305031460.759667 -0.2951369742015776 -0.01018042029134918 1.632081942681311 -0.04247692558248754 -0.280011526855413 -0.04247692558248754 -0.3806245607576963
1305031460.79166 -0.2964864305968913 0.001780317536495941 1.63171702080222 -0.03885048051704248 -0.2816713174950489 -0.03885048051704248 -0.3795827762663749
1305031460.82766 -0.3135291923599417 0.01437321323383045 1.636284001571569 -0.03065397648131447 -0.2836118811878668 -0.03065397648131447 -0.3775324219236091
1305031460.859714 -0.3258166214464931 0.01940657708783931 1.639466362028282 -0.02632619055034666 -0.2813661037349885 -0.02632619055034666 -0.3756229156319848
1305031460.891774 -0.3312750640147185 0.02403994655572789 1.639165459728205 -0.02134768236809484 -0.2782591665578473 -0.02134768236809484 -0.3732102444125139
1305031460.927562 -0.3396694747126853 0.03408720617059989 1.639342923491532 -0.0140678876101794 -0.2774876300375705 -0.0140678876101794 -0.3702605676738754
1305031460.991668 -0.3537271967341615 0.06107377955326986 1.645873360147488 -0.00570881432970905 -0.2795878387276403 -0.00570881432970905 -0.3604948325981946
1305031461.02762 -0.3574980326195617 0.08741140308647963 1.650731020283185 -0.003172892423697837 -0.2830893879641213 -0.003172892423697837 -0.358168353597038
1305031461.091728 -0.3712704600227373 0.1048842646505517 1.661381864753998 0.001666516361971878 -0.2866864765867261 0.001666516361971878 -0.3561436834809818
1305031461.127586 -0.3888097711929215 0.1268414116193179 1.669133854809779 0.001642989619694579 -0.2894693068243758 0.001642989619694579 -0.356591304564533
1305031461.15972 -0.38947792004639 0.1371660915753173 1.659052746532801 0.003073391899783381 -0.2860953814493498 0.003073391899783381 -0.3599799721189509
1305031461.192013 -0.391706007266904 0.1572033895420641 1.661838005216515 0.005629593089077197 -0.2857498087304034 0.005629593089077197 -0.360228251020816
1305031461.227607 -0.3956291902801522 0.16673619486935 1.663853249322789 0.007191653846091725 -0.2820372492311163 0.007191653846091725 -0.3632371285627431
1305031461.259642 -0.4033079169417909 0.1656082051847179 1.660671536287751 0.009257836254460758 -0.2800088942961242 0.009257836254460758 -0.3692039862771593
1305031461.291656 -0.4021441662379696 0.1800809218074268 1.661939826251852 0.00964557460339923 -0.2783044733042045 0.00964557460339923 -0.370419709539159
1305031461.327751 -0.3995953101845076 0.1854070577996706 1.662694368716009 0.009209548295583661 -0.2719331102689747 0.009209548295583661 -0.3742066737012681
1305031461.359709 -0.3991628695555203 0.1847649431593151 1.659753881413531 0.01102062557682092 -0.2674028097678317 0.01102062557682092 -0.3796150498436851
1305031461.391708 -0.404398551584119 0.184403879882942 1.660507880480476 0.01583706104413058 -0.2649216323875646 0.01583706104413058 -0.3784955039887041
1305031461.427624 -0.4038027485333817 0.200187014124935 1.662805028940996 0.0173850738596582 -0.2658148728161708 0.0173850738596582 -0.3705517070536123
1305031461.459781 -0.3987868490269712 0.2104045578150591 1.656543631649241 0.01848922048545916 -0.2630015939015833 0.01848922048545916 -0.371132936334431
1305031461.491677 -0.401702991249663 0.2174257476659564 1.662781121869625 0.02008390733161423 -0.2647172842141479 0.02008390733161423 -0.3633030453368276
1305031461.527705 -0.3951715008334493 0.2251907957341813 1.657635608316283 0.02058531938387875 -0.2647540097298495 0.02058531938387875 -0.3633182760469573
1305031461.559677 -0.3952257198325888 0.2366493503701162 1.655600055683378 0.0245019393252477 -0.2648878075101297 0.0245019393252477 -0.3657880179505689
1305031461.59169 -0.3811116346161313 0.2058406805271389 1.647129017340016 0.01914488216495683 -0.2588159193392253 0.01914488216495683 -0.3781757601683427
1305031461.627541 -0.3741847874472569 0.2026519299079179 1.642842400459506 0.02659588932727381 -0.2576167792781941 0.02659588932727381 -0.3822739979858332
1305031461.659622 -0.3735721697521882 0.2003646568199228 1.646011862798554 0.03331152905027925 -0.2608748490787141 0.03331152905027925 -0.3799395132223927
1305031461.691563 -0.3678943872008364 0.1960474843366831 1.643094268050616 0.037452529636259 -0.2618396217455639 0.037452529636259 -0.3798610862090797
1305031461.727602 -0.3703062922414349 0.1979500205500535 1.643364499454498 0.04189270162591391 -0.2689739031508187 0.04189270162591391 -0.3749060000575153
1305031461.759684 -0.3655365511778843 0.1924690988670122 1.639443108110267 0.04101675867786364 -0.274815850338659 0.04101675867786364 -0.3728734160896676
1305031461.791612 -0.3551051793782365 0.1900144681481312 1.633998251790477 0.0416481093292146 -0.2778158518316863 0.0416481093292146 -0.3709740395866631
1305031461.827615 -0.3517130584255344 0.1850432395974243 1.634177673950209 0.04491514185064197 -0.2819689482983491 0.04491514185064197 -0.3643433241065925
1305031461.859767 -0.3409024395056633 0.1806270552515816 1.627511845227119 0.04726405159611878 -0.2882130808942842 0.04726405159611878 -0.3617810432201771
1305031461.891723 -0.3411434979419076 0.1757016852835037 1.620995347047047 0.0531232713154728 -0.2968398836734287 0.0531232713154728 -0.3578064670479291
1305031461.927758 -0.3567381549136538 0.1619017446639505 1.617426914110729 0.05897231520682001 -0.3090840693368537 0.05897231520682001 -0.352124074592447
1305031461.959703 -0.3557287702491955 0.1535271819592304 1.609453786780135 0.05703867451626847 -0.318269724529925 0.05703867451626847 -0.345001831777475
1305031461.99159 -0.3251951298895143 0.1504360947954475 1.600208380834511 0.0531730675978057 -0.3224151193592031 0.0531730675978057 -0.336027542427213
1305031462.027675 -0.3256600734835577 0.1297200817094925 1.595185811875338 0.0582541943764109 -0.3303997792638405 0.0582541943764109 -0.330063730721166
1305031462.059837 -0.3530731149269012 0.1141324978835357 1.576716031770953 0.06693138505114812 -0.3431379840742892 0.06693138505114812 -0.3292078740367493
1305031462.091777 -0.3502795129836723 0.1081316024692144 1.569605502260864 0.05812786261248171 -0.3529471285193344 0.05812786261248171 -0.3216877891399277
1305031462.127739 -0.3418094317476272 0.09746726632940975 1.558232712567427 0.0459566246308229 -0.3611874191583547 0.0459566246308229 -0.318118711355298
1305031462.159646 -0.333053239668206 0.0871238992271602 1.549124627474029 0.036933686639543 -0.3678175561581675 0.036933686639543 -0.3132697909011611
1305031462.191641 -0.3281904638840983 0.07622823772269634 1.53941024288596 0.03018222817964378 -0.3733025287626381 0.03018222817964378 -0.3110809791842748
1305031462.227633 -0.300970409689402 0.06033352177645049 1.533927629630608 0.01497059406060787 -0.3695352559037459 0.01497059406060787 -0.3075116757437186
1305031462.259765 -0.3111895898020198 0.05627306348926964 1.534797890639486 0.02151346809407362 -0.3707855172324475 0.02151346809407362 -0.2989949193621537
1305031462.291629 -0.3097974717148943 0.03810115217085459 1.521065427099418 0.01745187899808255 -0.3671282974628857 0.01745187899808255 -0.3007024555040481
1305031462.32754 -0.3140288186229054 0.0243242868083279 1.509419892915739 0.01681444144568397 -0.3602258255679486 0.01681444144568397 -0.3013195920462571
1305031462.359732 -0.3129922027990009 0.008660320359779036 1.498019925934736 0.01487074724669943 -0.3517466432431751 0.01487074724669943 -0.3010528626614905
1305031462.391695 -0.3063763100892611 0.003720038153202113 1.498344639128734 0.01269072252280412 -0.3434842547361416 0.01269072252280412 -0.2914408797231681
1305031462.427635 -0.3330701634737669 -0.0044836587530525 1.497367676772354 0.0217158396356405 -0.3383471575659878 0.0217158396356405 -0.2849233984395863
1305031462.459897 -0.3389588655475078 -0.01154605237162394 1.489904989000892 0.02108939318247355 -0.3290344876933071 0.02108939318247355 -0.2783607467284638
1305031462.492008 -0.3429341449271793 -0.02115202873986195 1.479892401954592 0.01744221100050556 -0.3185390926375896 0.01744221100050556 -0.2738688091217213
1305031462.52767 -0.3461954058445477 -0.03108096495634317 1.47927865907533 0.01281651269487074 -0.3092805764904568 0.01281651269487074 -0.2640189734587274
1305031462.559862 -0.3401180451458534 -0.03788233485824336 1.468190424635876 0.00471143925797477 -0.298200585688647 0.00471143925797477 -0.2602756203274177
1305031462.591862 -0.3341822378898791 -0.04421035193221352 1.465160854078461 -0.003466285144412501 -0.2849229909597252 -0.003466285144412501 -0.2552990548538998
1305031462.627851 -0.3228384693440726 -0.05067341511357656 1.462131288675652 -0.009753172818109803 -0.2729127324526215 -0.009753172818109803 -0.2527538393093653
1305031462.65966 -0.3181956224366163 -0.05669160051106028 1.462438393180348 -0.01151886119786092 -0.262123440900512 -0.01151886119786092 -0.2508475753676042
1305031462.692548 -0.3148601840809288 -0.06262860979290462 1.460680126845348 -0.009944495944925686 -0.2510700559423868 -0.009944495944925686 -0.2522901494624299
1305031462.727652 -0.3193362566120019 -0.07140558284924953 1.458525802943575 -0.006480649717794967 -0.2410795927308941 -0.006480649717794967 -0.2575056832093808
1305031462.759782 -0.3231606054224953 -0.08930753306613488 1.4574206686041 -0.007457366971516343 -0.2263936971289141 -0.007457366971516343 -0.2635073811049562
1305031462.791943 -0.3194641056821664 -0.1059404354372193 1.455984427215638 -0.01182916730591284 -0.2111028104754984 -0.01182916730591284 -0.2673162026964778
1305031462.827816 -0.3151084670869577 -0.1189321805427925 1.455706711666338 -0.01452521381923417 -0.2005683137208456 -0.01452521381923417 -0.2683949009818475
1305031462.859782 -0.3112131153481146 -0.1353406453944818 1.45649602882715 -0.01809408907753126 -0.1925599337764493 -0.01809408907753126 -0.2684289134171288
1305031462.891847 -0.3043970595869737 -0.1524196544294189 1.454538715119118 -0.01903912489021349 -0.1829836137988633 -0.01903912489021349 -0.268049949112282
1305031462.927607 -0.2890649913305028 -0.1613716524575945 1.453339076816464 -0.02061900735151097 -0.1784940563438919 -0.02061900735151097 -0.2661138369971581
1305031462.959676 -0.2790499501334489 -0.1690542569499983 1.45686017199928 -0.02025803764705103 -0.1777032945641207 -0.02025803764705103 -0.2635031918181793
1305031462.99555 -0.2677089863723223 -0.1795593244457814 1.458092314714606 -0.02312140996444089 -0.1739944289184687 -0.02312140996444089 -0.2644820966248206
1305031463.027667 -0.2515356265288321 -0.1835584632319174 1.459544514864689 -0.02853460837966974 -0.1697080303314327 -0.02853460837966974 -0.266160232647872
1305031463.05981 -0.2333396030189725 -0.1884454877648024 1.464034188134218 -0.0349647986225572 -0.1627730504341743 -0.0349647986225572 -0.2696084146564069
1305031463.095809 -0.226275919644569 -0.2044548307690538 1.46772469306577 -0.03740446887767907 -0.1528450790093967 -0.03740446887767907 -0.2766317956185888
1305031463.12755 -0.2130557232730384 -0.2288561969615059 1.465192724617886 -0.04056555322676964 -0.1392344788076626 -0.04056555322676964 -0.2858003123529002
1305031463.159787 -0.1938226949246714 -0.2302251507493547 1.468939811346646 -0.04347752405216303 -0.129539777983371 -0.04347752405216303 -0.2880900089155579
1305031463.195657 -0.183412448279214 -0.2361779268395499 1.47531945814062 -0.04219923770453587 -0.1205301803283239 -0.04219923770453587 -0.2918275748312379
1305031463.227784 -0.1719467110129906 -0.2647523238369897 1.475587636866395 -0.0418019837673222 -0.1101470587779422 -0.0418019837673222 -0.2998468293302723
1305031463.260034 -0.1594644960608252 -0.2800901028835218 1.472168472668846 -0.04256483222887406 -0.1042308805195332 -0.04256483222887406 -0.3049016114796217
1305031463.295737 -0.1443251169185004 -0.2667009438116978 1.477540062406691 -0.04278857843264425 -0.1025776781535443 -0.04278857843264425 -0.3037013524341541
1305031463.327739 -0.1346799855127886 -0.2846426764989444 1.479836039552888 -0.04148932257711883 -0.09702037699588005 -0.04148932257711883 -0.3098546132397885
1305031463.35975 -0.1325260188238028 -0.3041541096644702 1.476390144447416 -0.03954890485349062 -0.09310616917485164 -0.03954890485349062 -0.3159603072573035
1305031463.39563 -0.1100366097495228 -0.2934468242214346 1.475132481891898 -0.04733080983854565 -0.08867330314888242 -0.04733080983854565 -0.3175057690054961
1305031463.427716 -0.09530748560174536 -0.3035968817426163 1.478016768020622 -0.05178905275073226 -0.0827774640845256 -0.05178905275073226 -0.3213100548638276
1305031463.459756 -0.08638002432923754 -0.3157105970675242 1.480632519780007 -0.05041307980282488 -0.07811649465514094 -0.05041307980282488 -0.3225771905306065
1305031463.495629 -0.07011114254578604 -0.3183048964287318 1.479898301256852 -0.05032092661631835 -0.07543886285746931 -0.05032092661631835 -0.323141594068031
1305031463.52767 -0.04947415826744125 -0.3263564431134614 1.477081459726552 -0.04995340614542012 -0.07277640125721295 -0.04995340614542012 -0.3249438821902517
1305031463.559751 -0.03172661328903886 -0.3218008880867815 1.474161264317593 -0.04551166072516966 -0.07264717157057891 -0.04551166072516966 -0.3266140072373627
1305031463.5956 -0.02059841642072446 -0.3201094339711809 1.478493056291054 -0.04194654326604605 -0.07569293165424873 -0.04194654326604605 -0.3274772885093826
1305031463.627588 -0.01091010727486673 -0.3354689762512945 1.480329061354875 -0.04076075561848708 -0.07453006341239909 -0.04076075561848708 -0.3303681434455357
1305031463.659766 0.01819656805227903 -0.3317277166228557 1.476578199362202 -0.04770388164326211 -0.06978057685465186 -0.04770388164326211 -0.3330271578904981
1305031463.69564 0.02945880407324183 -0.3165376968097227 1.481980591447501 -0.04368082329761608 -0.0701957153643752 -0.04368082329761608 -0.3367479269268475
1305031463.727588 0.06118046479921696 -0.3288117073193459 1.49123040697035 -0.05202078693000605 -0.06637778800526048 -0.05202078693000605 -0.3405150185413715
1305031463.759674 0.08409553429613442 -0.3429678380313127 1.489965130624225 -0.05402585597586969 -0.06286358722509404 -0.05402585597586969 -0.3469696896140667
1305031463.795647 0.09226496677766169 -0.3237105420430694 1.501465077184658 -0.04378954399978537 -0.05864820148348745 -0.04378954399978537 -0.3492411504336664
1305031463.827761 0.1209248060845581 -0.3259285246239403 1.512598346960152 -0.04522812244510654 -0.05082580332746899 -0.04522812244510654 -0.3554866759377338
1305031463.85991 0.1495352261234069 -0.3365558353130285 1.521177723573717 -0.04524773113684443 -0.03977185240778255 -0.04524773113684443 -0.361261736417211
1305031463.895648 0.1683352885013201 -0.3298357082390326 1.533049109679813 -0.04028367824375081 -0.03050837780004655 -0.04028367824375081 -0.3651345845569702
1305031463.927664 0.1865903971275618 -0.3265630099337825 1.551198518995972 -0.03703519184722825 -0.02346511168506964 -0.03703519184722825 -0.3676110511212349
1305031463.95968 0.2057825051503994 -0.3352942940097183 1.564012099092053 -0.03826617730584777 -0.01754071050581083 -0.03826617730584777 -0.3713534619858174
1305031463.995821 0.229326335289706 -0.3272762523755669 1.577848528203941 -0.04367405319966022 -0.009437934984864482 -0.04367405319966022 -0.3717924323620045
1305031464.027703 0.2500635325243515 -0.3111428900366365 1.60192028952279 -0.04671717195041997 -0.0007126546309692916 -0.04671717195041997 -0.3692036133902422
1305031464.059652 0.276108623557862 -0.3223873088029695 1.611973925483909 -0.05124063264762971 0.009454301694342847 -0.05124063264762971 -0.37498725051313
1305031464.095634 0.2948314566184749 -0.3208353467228922 1.627361279513257 -0.05032367862384786 0.01850370317776226 -0.05032367862384786 -0.3773139968026835
1305031464.127681 0.3106854957712732 -0.3094950724788997 1.645953926229027 -0.04694251872217033 0.02787270522954402 -0.04694251872217033 -0.3795862835296248
1305031464.159817 0.3227559584562094 -0.3163116493522541 1.660725185901669 -0.04751859158264021 0.03242839666726494 -0.04751859158264021 -0.3839006681029998
1305031464.195585 0.316739897244802 -0.3086917650747157 1.678229602448865 -0.04646297919178374 0.03397648478621633 -0.04646297919178374 -0.3856363048164773
1305031464.227624 0.3178331985002906 -0.2981980562185769 1.698466295599298 -0.05132578179262905 0.03904439276338581 -0.05132578179262905 -0.3898369022793332
1305031464.259644 0.3279356474226666 -0.3047138710191753 1.712278392447436 -0.06262342265925477 0.04471888989945726 -0.06262342265925477 -0.397858369782533
1305031464.295667 0.3362660510825763 -0.3222819439824606 1.72858676857436 -0.07655658428495954 0.05037614227499503 -0.07655658428495954 -0.4020872401538895
1305031464.327866 0.3539632534078148 -0.3321158512068921 1.736871337568552 -0.09327724546874223 0.06066335728470386 -0.09327724546874223 -0.4040461819638169
1305031464.359684 0.3886629850307417 -0.3197643145402168 1.738692212583949 -0.1130351235979989 0.07257212655707461 -0.1130351235979989 -0.4030555430391551
1305031464.395611 0.4127133191215487 -0.3018822373389011 1.747006121269827 -0.1254927223106037 0.08120145638784237 -0.1254927223106037 -0.4025061445119498
1305031464.427634 0.4390675701360366 -0.2835751858553874 1.765745648133221 -0.1326880649523172 0.09173566210350735 -0.1326880649523172 -0.4014935048340482
1305031464.459689 0.4653029171033133 -0.2962595013643842 1.773783013586033 -0.1326648610230013 0.100962986830376 -0.1326648610230013 -0.40740111642757
1305031464.495633 0.4778244886142159 -0.2896759018051346 1.783704628556237 -0.131839894593923 0.109730791392297 -0.131839894593923 -0.410270703661573
1305031464.527574 0.4887869009934224 -0.2960217456790057 1.795753075332388 -0.1299514700876373 0.1155701100741056 -0.1299514700876373 -0.4137396243360398
1305031464.559703 0.515063879641908 -0.29430722336054 1.806001678164057 -0.1308496644746649 0.1225011286275913 -0.1308496644746649 -0.4160834807792865
1305031464.595698 0.5385809717618374 -0.3062052925668679 1.817445570378815 -0.1282275484563887 0.1347903864951314 -0.1282275484563887 -0.4180660367814903
1305031464.627672 0.5780556783765671 -0.2749668422381215 1.828180203608758 -0.1283970749961773 0.1464083239402801 -0.1283970749961773 -0.4206773351300592
1305031464.659749 0.5962261245462207 -0.2654414762718878 1.846484889150068 -0.1185139779069206 0.1481382859759526 -0.1185139779069206 -0.4309889024770822
1305031464.695663 0.6272463121688583 -0.2554165058570706 1.86746067534621 -0.1117739249461639 0.1518192884605959 -0.1117739249461639 -0.4398213111871816
1305031464.727652 0.6389130583584527 -0.238151125737129 1.887287571649876 -0.101606524219252 0.1582511825984053 -0.101606524219252 -0.4519245474200302
1305031464.75974 0.6343191893048624 -0.2224384761536037 1.897291597532268 -0.09479343179656291 0.1639968654154104 -0.09479343179656291 -0.4676102384690938
1305031464.796021 0.6716760530500584 -0.2133778780484752 1.915992074795351 -0.1006891324706759 0.1770247327742201 -0.1006891324706759 -0.4762369866497994
1305031464.827759 0.6861111834912064 -0.2314441954259011 1.912482986410268 -0.1010364133061349 0.1913757856578224 -0.1010364133061349 -0.4899008885932238
1305031464.859654 0.65929380284758 -0.2303895976959097 1.938124380334457 -0.1007576465417296 0.2042517035812595 -0.1007576465417296 -0.4945806922020742
1305031464.895817 0.6958186112745356 -0.1898517497007213 1.971693894818717 -0.1210578252001007 0.2305070575143063 -0.1210578252001007 -0.4848670450122986
1305031464.927799 0.7188546689572216 -0.1878114923517274 1.966836108279963 -0.1310632728250705 0.2531265125325335 -0.1310632728250705 -0.4852584837925609
1305031464.959763 0.7260816854287013 -0.1657786113620291 1.960126910815153 -0.1347275018697878 0.277357848304332 -0.1347275018697878 -0.4849626428423069
1305031464.995687 0.7164115836750707 -0.122886068224459 1.966189146970642 -0.1336319761145894 0.2962842141058644 -0.1336319761145894 -0.484875928247358
1305031465.027823 0.7264725083044432 -0.08698245891226729 1.967741403818097 -0.1335544426197986 0.3125531682489896 -0.1335544426197986 -0.4889387968044823
1305031465.059749 0.7486154306687504 -0.07057556831553174 1.96762768697014 -0.1306372637689897 0.3291093860768063 -0.1306372637689897 -0.4937850283983891
1305031465.0957 0.7413896080758978 -0.05624417570341192 1.963367195694716 -0.1301728934758398 0.3433759880887968 -0.1301728934758398 -0.4965668646189536
1305031465.127664 0.7487732034347698 -0.09057714592207494 1.955061877476393 -0.1292196482226327 0.3585717133970322 -0.1292196482226327 -0.4946185014628552
1305031465.159842 0.7420292006976611 -0.07486960981007654 1.955578594960425 -0.1260604739270329 0.3799442838663722 -0.1260604739270329 -0.4746722754337227
1305031465.195564 0.7170167674876213 -0.07307381876481958 1.939249354923575 -0.1175157844644302 0.3961171027465611 -0.1175157844644302 -0.4603084039751231
1305031465.227907 0.7185906566150226 -0.06339646117612419 1.91064093395883 -0.1196926374042703 0.4061989658671856 -0.1196926374042703 -0.4513351517648599
1305031465.259807 0.7287979710869797 -0.05400544396363984 1.892830434087829 -0.1220091328739456 0.4158598398252366 -0.1220091328739456 -0.440280379885444
1305031465.295623 0.7233200527601324 -0.04731312785228163 1.86552570048686 -0.1218702226059031 0.4217410907630059 -0.1218702226059031 -0.4317838210433461
1305031465.327674 0.7006664393759566 -0.04167703009708075 1.848191854078769 -0.1230256437154297 0.4205245082402205 -0.1230256437154297 -0.4237544782812857
1305031465.359948 0.7155866181559229 -0.03407369754198969 1.831386427154257 -0.1377063613264001 0.4160285803132837 -0.1377063613264001 -0.4124011930968947
1305031465.395586 0.7076512992791635 -0.02650900839912861 1.811276618481757 -0.1488887479458978 0.4142660807673736 -0.1488887479458978 -0.4039693776865668
1305031465.427697 0.6998908883208733 -0.01523238039008162 1.799048361992409 -0.1615456372537917 0.4133438434352235 -0.1615456372537917 -0.3971006860490963
1305031465.460125 0.712790787572632 -0.005454586941861331 1.785108325898593 -0.1759991626336493 0.4098117182266184 -0.1759991626336493 -0.394263360518909
1305031465.495703 0.7308694437491291 0.000942419698066568 1.771503511433209 -0.1903712166008509 0.4035416414884844 -0.1903712166008509 -0.3921024922572729
1305031465.527622 0.7666920794856438 -0.002662003034184892 1.758641103008302 -0.2034902817796337 0.399991471379313 -0.2034902817796337 -0.3888673090495735
1305031465.559812 0.7961196542139894 0.02606246014050004 1.737388461522335 -0.2211333164745005 0.4010711402303725 -0.2211333164745005 -0.3831089792909529
1305031465.595599 0.8087789989213253 0.05644963151974064 1.715134418431968 -0.2366040430858877 0.3986014461060643 -0.2366040430858877 -0.3819795538778606
1305031465.627688 0.8337527119364362 0.06881751278028793 1.721238005648843 -0.2452069617136675 0.3935019923188336 -0.2452069617136675 -0.3788088158860006
1305031465.66006 0.8516931111451297 0.06356821062818008 1.711973715156961 -0.2511224387417777 0.3855076561063456 -0.2511224387417777 -0.3815304872057676
1305031465.695668 0.8715447940396739 0.07637021530772171 1.697354451182465 -0.2662962056676471 0.3799704915890281 -0.2662962056676471 -0.3788351035055877
1305031465.727682 0.8956386795057797 0.08947869847039665 1.693117898973721 -0.2767255700040465 0.3771348960530488 -0.2767255700040465 -0.3773699811844893
1305031465.759766 0.9208706336665012 0.1033316318136856 1.679054876518285 -0.2877787203266367 0.3696489851497655 -0.2877787203266367 -0.3790245498600141
1305031465.795937 0.9460785199657208 0.106834520546216 1.669550030370747 -0.2972720597424645 0.3611211523668463 -0.2972720597424645 -0.380575030492354
1305031465.827996 0.9798612919348967 0.1128092258657542 1.653064643254343 -0.3066094659481652 0.3554935571529619 -0.3066094659481652 -0.3831647660634146
1305031465.859861 0.9894286440684861 0.121993532670121 1.633208634885909 -0.3127593763008266 0.349707277368174 -0.3127593763008266 -0.3893296968678652
1305031465.895494 1.030177484325856 0.1416645635552652 1.614973813110632 -0.3265137850811081 0.3450532307050489 -0.3265137850811081 -0.3922078691618571
1305031465.927495 1.076967241535589 0.1574423076503342 1.616665588668886 -0.3289592006303677 0.3417361161534673 -0.3289592006303677 -0.3890384663134686
1305031465.95971 1.097163360328779 0.1790880652694757 1.589338691960006 -0.3303100085393135 0.3354736876226882 -0.3303100085393135 -0.3944796585130557
1305031465.995753 1.106399862840679 0.1830723946662311 1.580017899023248 -0.3240909055118853 0.3299476813469697 -0.3240909055118853 -0.4050642307913261
1305031466.027644 1.139406872026867 0.1752385107561056 1.569578525421334 -0.3195307365409452 0.3269876612568514 -0.3195307365409452 -0.4148023856604209
1305031466.059757 1.160330036116805 0.1653254748412701 1.554823311608035 -0.3162734073522345 0.3263194167249011 -0.3162734073522345 -0.4235158242669388
1305031466.09584 1.196989304494829 0.1593206917459054 1.545100285516011 -0.3153724692443936 0.3247920365734688 -0.3153724692443936 -0.4225692356418966
1305031466.12764 1.217951171317909 0.1497289399899241 1.531931492957789 -0.3136792553861585 0.3256130729779068 -0.3136792553861585 -0.4201876330430749
1305031466.160428 1.238793722122377 0.1466492163945733 1.521281825896712 -0.3143683448196893 0.3298064333426723 -0.3143683448196893 -0.4151120476530619
1305031466.195833 1.251215743556139 0.1418314438237133 1.503694263106078 -0.3163996324555265 0.3315723476009316 -0.3163996324555265 -0.4111979837865276
1305031466.227951 1.27470102756181 0.1322220044526488 1.498278550550123 -0.3200398962215748 0.3352786729795468 -0.3200398962215748 -0.4025508295683117
1305031466.259815 1.304777625987577 0.1405057865979854 1.494645749507049 -0.3249825096121546 0.3465595877186155 -0.3249825096121546 -0.3897268037988238
1305031466.295737 1.299224754239621 0.1624698012439005 1.499082511254745 -0.3234007595433507 0.3532061239444997 -0.3234007595433507 -0.3823376961975029
1305031466.327702 1.319547195375587 0.1862775180611601 1.502059780131725 -0.3220883487091679 0.3573695677306281 -0.3220883487091679 -0.3798396741008564
1305031466.359829 1.352036768446355 0.1828422148183665 1.502530353560908 -0.310780070946108 0.3624708943296688 -0.310780070946108 -0.3867482058313679
1305031466.395784 1.387693019268092 0.1755235288489005 1.500201693381036 -0.3010487955923272 0.3645835158260805 -0.3010487955923272 -0.3892522691825108
1305031466.427819 1.372787378796551 0.1779152782899588 1.497446379558696 -0.2918524592254331 0.3657129171821019 -0.2918524592254331 -0.392292493076592
1305031466.45979 1.352809430395579 0.1622951343327653 1.501194077640238 -0.2834679417365297 0.3665926367224255 -0.2834679417365297 -0.4001060111262604
1305031466.495809 1.401422318683158 0.1684080526504116 1.490955556874862 -0.2935254416248135 0.3719755402164758 -0.2935254416248135 -0.3996367900118763
1305031466.527538 1.43050379059115 0.1647209993972385 1.49084724095077 -0.2939092694929196 0.3750350899738309 -0.2939092694929196 -0.3968662829845682
1305031466.560353 1.444379987261751 0.1733579890013751 1.493135683870272 -0.2903417200020281 0.3753883750272998 -0.2903417200020281 -0.3949985074970261
1305031466.595936 1.472490048856466 0.1828099766909522 1.490351267822632 -0.288317750913446 0.3744199370706134 -0.288317750913446 -0.3936274294311579
1305031466.627549 1.503200865959142 0.1839592953564253 1.488291184818497 -0.2842568124495948 0.3779849512565814 -0.2842568124495948 -0.38837106024072
1305031466.659688 1.506334214880178 0.2014982035169843 1.480675053736642 -0.2782154847959277 0.3828365086977271 -0.2782154847959277 -0.3852294188994503
1305031466.695822 1.476019892207918 0.2128787010392876 1.480138634903857 -0.2691279644648465 0.3828425437797192 -0.2691279644648465 -0.3903771074527873
1305031466.728074 1.520560527954691 0.2149284382319076 1.479608587159193 -0.2710214424933317 0.3881041715677506 -0.2710214424933317 -0.3919615966223943
1305031466.759637 1.552813707564524 0.2120496248483405 1.466105258860167 -0.2685401939491611 0.3972623956073702 -0.2685401939491611 -0.393204328664385
1305031466.795604 1.541933851572892 0.2310436711488918 1.456920218985445 -0.2640750212874932 0.4040215988994658 -0.2640750212874932 -0.3968739768375588
1305031466.827879 1.530212065953542 0.2303201360786299 1.466452281442559 -0.2580873568292352 0.4057280806229044 -0.2580873568292352 -0.4006953056901233
1305031466.859665 1.570886765144283 0.2321087809874594 1.459263294289447 -0.2636414322778703 0.4104227639469256 -0.2636414322778703 -0.4008650399812633
1305031466.895694 1.570284963892522 0.2383477553990658 1.458200481873984 -0.264412458617048 0.4121809289528506 -0.264412458617048 -0.3976540694414755
1305031466.927756 1.552446836684886 0.2749592054190751 1.482771040064983 -0.2736227447330966 0.4154406563299246 -0.2736227447330966 -0.3781272042655355
1305031466.959728 1.573655271722304 0.2788180038219564 1.481344855855571 -0.285006959846783 0.4218098651807052 -0.285006959846783 -0.3754048248089369
1305031466.995712 1.587045674422228 0.2992670617689097 1.480870571753321 -0.2952539854646061 0.428162866888795 -0.2952539854646061 -0.3699102873458895
1305031467.027843 1.610530020763707 0.3405633102643824 1.482243378222638 -0.3085584890540598 0.432023363943062 -0.3085584890540598 -0.3590039286408242
1305031467.0597 1.631059363345205 0.357235813009551 1.481933522549552 -0.3136147751556096 0.4365871684438666 -0.3136147751556096 -0.3565695763290598
1305031467.095687 1.642812823366057 0.3662726516038645 1.484557248494521 -0.3139273626556597 0.4398093068449935 -0.3139273626556597 -0.3555871156799739
1305031467.128974 1.668461174705035 0.3800452255416359 1.481624689987247 -0.3162124809970341 0.4441771447405539 -0.3162124809970341 -0.3535733580287907
1305031467.15966 1.67272365329261 0.3836342271950731 1.475264540088527 -0.3132923164068108 0.4531885621740736 -0.3132923164068108 -0.3577624380791668
1305031467.195663 1.673847210770478 0.3812092683845262 1.475823108564316 -0.3087366045522225 0.4601571485418223 -0.3087366045522225 -0.362335746223226
1305031467.227704 1.679754093103834 0.3873668677795847 1.476745110634675 -0.3097979249146936 0.4648645319436319 -0.3097979249146936 -0.362108684518439
1305031467.259694 1.687947056781316 0.3929800230006089 1.475808769303419 -0.3123362226543858 0.4714391700084331 -0.3123362226543858 -0.3619049702291679
1305031467.295846 1.691814601150955 0.3995653936598501 1.478238725955083 -0.3134849558756687 0.4767642497234211 -0.3134849558756687 -0.3616923288172217
1305031467.328008 1.705915567026589 0.4107827215767874 1.477881340953854 -0.3173414619458587 0.4834552332529543 -0.3173414619458587 -0.3618318296943656
1305031467.359654 1.72042496585856 0.4202020614642935 1.475740767682305 -0.3215678729373381 0.4889104313198765 -0.3215678729373381 -0.3616270968114991
1305031467.395756 1.744640441681503 0.4174654892851276 1.469351489329711 -0.3250855330095543 0.4918634928254516 -0.3250855330095543 -0.3616666884441381
1305031467.427783 1.76198838209227 0.4327873290870146 1.467686670351249 -0.3298533375995121 0.4995628662669663 -0.3298533375995121 -0.3534290967488137
1305031467.459692 1.761234135392719 0.4403924368516814 1.470564791561467 -0.3298425988492536 0.50571200286948 -0.3298425988492536 -0.3497901145115643
1305031467.496058 1.760991819022874 0.4387310077037133 1.476064463224594 -0.3301930601578325 0.5082283515681312 -0.3301930601578325 -0.3478745631336193
1305031467.527663 1.783253874821912 0.4643330348394724 1.48086065770956 -0.3374155324237869 0.5161411544537866 -0.3374155324237869 -0.336441440081079
1305031467.559763 1.809148378312383 0.4861458455244319 1.477167610372274 -0.3412407394420847 0.5231614215553547 -0.3412407394420847 -0.3301110894643601
1305031467.595989 1.799411229717314 0.497355562069304 1.484311419919622 -0.3374159602195469 0.5273542413553969 -0.3374159602195469 -0.3278731093404593
1305031467.627532 1.807803987803443 0.4967324723817843 1.48455919664262 -0.3365726403600022 0.5259542235772704 -0.3365726403600022 -0.329313468621485
1305031467.659626 1.803058071398651 0.5004290569739723 1.493182711226499 -0.3370377494854395 0.5254943067691401 -0.3370377494854395 -0.3274463177167967
1305031467.695886 1.796246449035535 0.5034294678048854 1.501850015044593 -0.3400012191124013 0.5235580362366621 -0.3400012191124013 -0.3300993636373879
1305031467.727535 1.815519605698895 0.5288311427488233 1.500065661042188 -0.3491343026260167 0.5249204467368493 -0.3491343026260167 -0.3287974491524392
1305031467.759907 1.82178997572554 0.5495808905052698 1.499235328373586 -0.3526936915177807 0.5288092190566785 -0.3526936915177807 -0.3304480575100415
1305031467.796075 1.815796312495276 0.5697340192429742 1.500333660423128 -0.3558760958729795 0.5313078795035157 -0.3558760958729795 -0.3333479234287929
1305031467.8278 1.823798593077907 0.5645665948648628 1.493956285830895 -0.3564765384246839 0.5316109636254954 -0.3564765384246839 -0.341962683850091
1305031467.859729 1.815209071758597 0.5910555966769881 1.49315468264144 -0.3623925996212196 0.5323088606669032 -0.3623925996212196 -0.34094277906383
1305031467.895947 1.799363272691817 0.5831904042950496 1.504874851992396 -0.360820367249967 0.5301936108366667 -0.360820367249967 -0.3473176023230524
1305031467.927754 1.803754965438205 0.5858603838830848 1.5007303199572 -0.3676537230892658 0.5294707265155955 -0.3676537230892658 -0.3513582290457303
1305031467.959826 1.807735291040603 0.6127359587501922 1.49577555497436 -0.3778925722280068 0.5331531248921713 -0.3778925722280068 -0.3489889306966507
1305031467.995754 1.79313409771603 0.6345448306922753 1.495784987583314 -0.3843057361508754 0.5346654765171277 -0.3843057361508754 -0.349875909308145
1305031468.028107 1.799739558703626 0.6567418883368243 1.491449692244594 -0.3894206713797246 0.5367290766704761 -0.3894206713797246 -0.3506393396164548
1305031468.05985 1.805167711889242 0.6751576061971598 1.480639475066354 -0.3906519424888817 0.5396542814631348 -0.3906519424888817 -0.3519769613562621
1305031468.095867 1.782096481815579 0.6832590640085836 1.485279848995218 -0.3898966405317529 0.5403162588856055 -0.3898966405317529 -0.3548391761547574
1305031468.127816 1.782310950982826 0.6895093349916768 1.480642151376672 -0.3914570553776446 0.5419866660416012 -0.3914570553776446 -0.3590066336778891
1305031468.159864 1.778933121174092 0.7123573837555803 1.47776006977481 -0.3944156028921698 0.5438165023380341 -0.3944156028921698 -0.3565437308149087
1305031468.195985 1.762059450342802 0.7270770387787412 1.480850734891924 -0.3939073216001773 0.5467676815554631 -0.3939073216001773 -0.3571435927260722
1305031468.228158 1.75924301149024 0.7449017363386092 1.480115191394973 -0.3936431681967473 0.5493129931255817 -0.3936431681967473 -0.3574732452006619
1305031468.259754 1.740624991753765 0.7655150431090476 1.48074157348222 -0.3926322510817097 0.5501600330555197 -0.3926322510817097 -0.3554988209809059
1305031468.29583 1.7258247745432 0.7828651849483474 1.487976277370107 -0.3903714037867088 0.5496265155875825 -0.3903714037867088 -0.354720564038617
1305031468.327847 1.720295938887179 0.8041127384245758 1.488619201467852 -0.3898711668547248 0.5491513677796588 -0.3898711668547248 -0.3545665707434519
1305031468.359787 1.696181679817983 0.8190704703414866 1.495978390493361 -0.3874079132439123 0.5476726824720451 -0.3874079132439123 -0.3559990334456804
1305031468.39586 1.684486313683508 0.8324501175124741 1.505969979236685 -0.3858266469286404 0.5439659942673146 -0.3858266469286404 -0.3591201869080808
1305031468.428025 1.694644755178943 0.8608433057961375 1.505886477878937 -0.3898392455718669 0.5418931739421965 -0.3898392455718669 -0.3551490916450366
1305031468.459759 1.680339558239413 0.8723440893808516 1.513793852789873 -0.3871833738345312 0.5431108534533671 -0.3871833738345312 -0.3528454298920218
1305031468.495809 1.657114379349121 0.8794826352664086 1.528843559733533 -0.3837150392295473 0.5439786241634266 -0.3837150392295473 -0.3519742147226579
1305031468.527756 1.663555128026746 0.9037375625656031 1.534164195861903 -0.3855243739538277 0.5432191255948131 -0.3855243739538277 -0.3487395614115248
1305031468.559739 1.647396971593759 0.9106816361961526 1.543539318069211 -0.3810372284413171 0.5460889395023317 -0.3810372284413171 -0.3511360037466722
1305031468.595768 1.621069756172285 0.9089398916750578 1.561655710470118 -0.3748739109304391 0.5530134861340363 -0.3748739109304391 -0.359002469651849
1305031468.627626 1.627001954011655 0.9170741274328735 1.559732893522148 -0.3772372460646775 0.5549597008249794 -0.3772372460646775 -0.3644706009336217
1305031468.659579 1.633310200136592 0.9257657080751456 1.558866233656925 -0.3791234880444414 0.5547263155914626 -0.3791234880444414 -0.3618197026617559
1305031468.695835 1.602114447153695 0.9077332933987732 1.578921182587254 -0.3730685423305413 0.558476133354865 -0.3730685423305413 -0.3633668686611984
1305031468.727785 1.578880169468446 0.9012560268063061 1.594528116943162 -0.3736096509865284 0.5622199635175386 -0.3736096509865284 -0.3659399046658173
1305031468.759628 1.569600978033486 0.9113945542653622 1.603369413780589 -0.3804323329347737 0.5641433899100629 -0.3804323329347737 -0.3659081908758526
1305031468.795796 1.564786270211647 0.9239300170174521 1.614064916206484 -0.3859358667546858 0.5653470777729581 -0.3859358667546858 -0.3633031931183354
1305031468.829247 1.546696895874683 0.9409138114740773 1.624507058168992 -0.3894546672072771 0.5684123606789374 -0.3894546672072771 -0.3624411791031537
1305031468.859659 1.528343888248755 0.9415307119451313 1.638388655127344 -0.3890510472504788 0.5723191951218672 -0.3890510472504788 -0.368697780183094
1305031468.895873 1.5449097741119 0.9649803675068865 1.649920604972668 -0.3919190107808881 0.5745862372226197 -0.3919190107808881 -0.368837790239464
1305031468.928141 1.542833593613286 0.9824932930415353 1.649572007009462 -0.3909522052986066 0.574075055532379 -0.3909522052986066 -0.3675041695711884
1305031468.959594 1.532554119229448 0.9845522298300442 1.657423603143787 -0.3851362010539403 0.5727182807670462 -0.3851362010539403 -0.3670592981782402
1305031468.995711 1.535338217798123 0.9931424110678838 1.656070676967206 -0.3828587173562581 0.5692315091166706 -0.3828587173562581 -0.3634596192240721
1305031469.027699 1.54812095102095 1.01398538887038 1.637636568887128 -0.3851658918550738 0.570798959188054 -0.3851658918550738 -0.3527820851282236
1305031469.059832 1.537152603287185 1.023301250295276 1.643593167953357 -0.3743680659134258 0.5808263150261501 -0.3743680659134258 -0.3386626255683
1305031469.095723 1.502410662768585 1.012456095633827 1.67308356588649 -0.3552961608089248 0.594336661907501 -0.3552961608089248 -0.3272755402178034
1305031469.127679 1.48956000229187 1.023913071007825 1.675991530119809 -0.3463846675089599 0.6067393227635932 -0.3463846675089599 -0.3183491344710346
1305031469.159703 1.486471703348135 1.045092085823336 1.672737316838931 -0.337371227946394 0.6149432646071229 -0.337371227946394 -0.3097313164373445
1305031469.19554 1.468679864609537 1.050431552610812 1.678410159576843 -0.3214097507264168 0.6229006890230103 -0.3214097507264168 -0.3053043675593429
1305031469.227754 1.451892527798126 1.052635256201363 1.679860186418412 -0.3072992144054835 0.6269409653126484 -0.3072992144054835 -0.30317245253612
1305031469.259586 1.430673486935864 1.046023817132411 1.679807815985067 -0.2956899820812388 0.6293242190277097 -0.2956899820812388 -0.3026709378816987
1305031469.296754 1.419716922552106 1.050050083230723 1.675026496782746 -0.2902863674904433 0.632624572795666 -0.2902863674904433 -0.2993843948616477
1305031469.327618 1.410364754088586 1.056074163911216 1.672227759470327 -0.2838904698620907 0.634565697540907 -0.2838904698620907 -0.2965579501155839
1305031469.359592 1.404351704317522 1.05674048616177 1.656580530189588 -0.2804337696897313 0.6350647760845258 -0.2804337696897313 -0.2956244822775111
1305031469.395695 1.404006467415929 1.069553005394868 1.650808664756387 -0.2740823232210847 0.6393071267395292 -0.2740823232210847 -0.2922362529692352
1305031469.427651 1.396215212106312 1.073911400989111 1.646667754331439 -0.2618162098666178 0.641201882273051 -0.2618162098666178 -0.2968622857344974
1305031469.459668 1.387152825798766 1.072758695013686 1.638943346980863 -0.2486528001943298 0.6418686303513143 -0.2486528001943298 -0.3030904086373187
1305031469.495744 1.383309478928035 1.070329619171976 1.631018526104338 -0.2367135934652994 0.6440387400070824 -0.2367135934652994 -0.3084869265652841
1305031469.527622 1.370644282777381 1.063521628134159 1.621181813612343 -0.2280819550946442 0.6449580249886492 -0.2280819550946442 -0.3107972180310103
1305031469.559645 1.357159833245856 1.076792618691171 1.621945836818825 -0.2268253736102339 0.6478504158579591 -0.2268253736102339 -0.2986956389398471
1305031469.595755 1.357825399367302 1.07823134792794 1.603564787621474 -0.2268123505249081 0.6490594176120419 -0.2268123505249081 -0.2946591691021873
1305031469.627752 1.354448959907602 1.083217495742455 1.593335679468632 -0.2248586350697879 0.6506675743133689 -0.2248586350697879 -0.2852128464601219
1305031469.65959 1.353807265409374 1.086275809823643 1.579796339049646 -0.2211334307473171 0.6522405556090927 -0.2211334307473171 -0.2773925126771631
1305031469.695613 1.350335633746161 1.084550769208374 1.565169983688483 -0.2155308995382077 0.6525422087302105 -0.2155308995382077 -0.2750279604068436
1305031469.727679 1.34298209324099 1.082111999722873 1.551255773521185 -0.2100182126830269 0.6522320726594973 -0.2100182126830269 -0.2715569347814444
1305031469.759599 1.339344702296801 1.082162005841261 1.5362399508075 -0.2051490466871752 0.6514210001109452 -0.2051490466871752 -0.2677672531149575
1305031469.795621 1.337241519233535 1.077340887116766 1.519786673415684 -0.2004129523803881 0.6493319827583892 -0.2004129523803881 -0.2644414229436466
1305031469.827526 1.332146565493447 1.072775013481293 1.506634777972108 -0.1966352332976151 0.6489265724072408 -0.1966352332976151 -0.2566963846645228
1305031469.859574 1.329218666564785 1.062892849280034 1.490113895823969 -0.1960513423480928 0.6477804890406882 -0.1960513423480928 -0.2516403764853151
1305031469.895755 1.323283023578632 1.057257364293344 1.475356785703635 -0.1957056004465848 0.6483444098862207 -0.1957056004465848 -0.2417681504867072
1305031469.927854 1.318995710272377 1.056884796967502 1.459093654497906 -0.1988641977408656 0.6497538564660179 -0.1988641977408656 -0.232744280955804
1305031469.959805 1.318400963521866 1.045299449397961 1.443380780801053 -0.2008017071185449 0.6471693724833917 -0.2008017071185449 -0.2273728915562891
1305031469.995551 1.31759614939022 1.031667114610153 1.42946030289596 -0.2033051179141849 0.6467235572426365 -0.2033051179141849 -0.2254781340005957
1305031470.027694 1.315858041074907 1.014186410716658 1.417540667960758 -0.2031327846743568 0.6452864454209347 -0.2031327846743568 -0.2239017132695452
1305031470.059638 1.317273983182765 0.996574361251466 1.404476115611934 -0.2045683219804629 0.6440213272167147 -0.2045683219804629 -0.2224464408223091
1305031470.095944 1.315694173949224 0.9833830006622187 1.393361012207676 -0.2050765465800026 0.6449902588615753 -0.2050765465800026 -0.2194681631875952
1305031470.127633 1.313910281011583 0.9756860702991933 1.380214236960735 -0.2095722290276061 0.6444207478145438 -0.2095722290276061 -0.2144415912327358
1305031470.159626 1.311059138825359 0.9568910184125525 1.37311840845133 -0.2060398314315506 0.6439817052556907 -0.2060398314315506 -0.2107070317834177
1305031470.196092 1.311560758730882 0.9365256946273083 1.364408842756189 -0.2052189477556582 0.6410962326256421 -0.2052189477556582 -0.2092527557466141
1305031470.227618 1.313647329389928 0.9132661574832398 1.355631446888327 -0.2056216108515132 0.6370558930861874 -0.2056216108515132 -0.2100058227280056
1305031470.259965 1.313033772873755 0.8996817308995233 1.350336967183688 -0.2059750343447206 0.6354624383508458 -0.2059750343447206 -0.2043697418762209
1305031470.295718 1.31212868839845 0.8832760545873124 1.345212044702154 -0.2043302170555729 0.6340140835387889 -0.2043302170555729 -0.1998744593119983
1305031470.327644 1.311883881744629 0.8678915065782186 1.340573029406501 -0.2022983813988701 0.6325308239978431 -0.2022983813988701 -0.1937163428377075
1305031470.359624 1.30920545715943 0.848800386701125 1.336560771796411 -0.1981352631458959 0.6312792044937267 -0.1981352631458959 -0.1878277369425231
1305031470.395823 1.307379148194279 0.8260557218420866 1.331885388152454 -0.1952949501836956 0.6284355435066854 -0.1952949501836956 -0.1848665928202407
1305031470.427641 1.303621032280052 0.804742384877001 1.33020043890773 -0.1921133931228734 0.6260277800021806 -0.1921133931228734 -0.1804628590807278
1305031470.459721 1.305691212972359 0.7857752299695318 1.322674579449412 -0.1944539885542368 0.6264936422242212 -0.1944539885542368 -0.1838110125981634
1305031470.495686 1.305538495107935 0.7632286011210548 1.31732449893319 -0.1942888857593003 0.6257672118666244 -0.1942888857593003 -0.1893618711777351
1305031470.527689 1.305694185321585 0.7433396062553912 1.312090849650955 -0.1967296552505987 0.6221094835136993 -0.1967296552505987 -0.1935270169007365
1305031470.559677 1.306567016574901 0.7357906649647385 1.308421042444823 -0.2021632727702633 0.6245586497884771 -0.2021632727702633 -0.1918572986050775
1305031470.59576 1.303530863758006 0.7243407582257192 1.307575450696062 -0.2017407374796341 0.6245373643771441 -0.2017407374796341 -0.1889989828120237
1305031470.627729 1.299178779412366 0.713564499096535 1.30558794137733 -0.202498534105569 0.6217821538338515 -0.202498534105569 -0.1859996433709728
1305031470.65969 1.294741681531926 0.7037142865321041 1.305940078991879 -0.2019637190053605 0.619696768856832 -0.2019637190053605 -0.1804565550622173
1305031470.69563 1.292159258631328 0.6904256891807556 1.302971502380634 -0.2026205288764156 0.6159743323977293 -0.2026205288764156 -0.1797452164696683
1305031470.727654 1.285675914387657 0.6745859736789273 1.304390502427648 -0.1982940255335487 0.613978793566446 -0.1982940255335487 -0.1768975935271797
1305031470.759682 1.276911055828444 0.6608563816706217 1.303277761443915 -0.1963158945245206 0.6121130051840453 -0.1963158945245206 -0.1760968617509329
1305031470.795615 1.283182937871988 0.6612188498648751 1.296157485902097 -0.2060557819801049 0.609559781128433 -0.2060557819801049 -0.1765952995983902
1305031470.827831 1.281615902596819 0.6542910487801902 1.295540818410944 -0.2038400551721289 0.6060303740470665 -0.2038400551721289 -0.1748095490057829
1305031470.859645 1.266105131603417 0.6391321225205844 1.298283536072964 -0.1964216337598816 0.6029845413474989 -0.1964216337598816 -0.1759022835503778
1305031470.895722 1.259130808722704 0.6234989803719941 1.299834293331579 -0.1953524842601255 0.5983453362662675 -0.1953524842601255 -0.1823914862671111
1305031470.927684 1.250937923684411 0.6103663554376993 1.304400697057402 -0.1946793143520316 0.5927218631237867 -0.1946793143520316 -0.1835466417738935
1305031470.959647 1.250996278269595 0.5890440302616347 1.30263400248778 -0.1970440932764532 0.5857634516742519 -0.1970440932764532 -0.1956585427708797
1305031470.995996 1.230298920529435 0.5883018103823517 1.312651975788644 -0.1986176632726026 0.586232104913157 -0.1986176632726026 -0.1898573943485317
1305031471.027644 1.23035727268589 0.5880611747150932 1.315192675225901 -0.2093608154160998 0.5830212403928192 -0.2093608154160998 -0.1931902657658994
1305031471.059636 1.227476695646705 0.5853638646353058 1.318554608383238 -0.2154168638132807 0.5797536416108838 -0.2154168638132807 -0.1993196536746857
1305031471.095777 1.220384024640789 0.5772734795846376 1.324636289080963 -0.2159832536474368 0.5743170319513236 -0.2159832536474368 -0.2072505492097719
1305031471.127663 1.214702046470914 0.5660401007534671 1.329482159779851 -0.2176131987671235 0.5658474226020314 -0.2176131987671235 -0.2144174049897411
1305031471.159649 1.211601102427351 0.5616691259179513 1.334927122378756 -0.2232043574580834 0.5602199896169916 -0.2232043574580834 -0.2168839146750769
1305031471.195703 1.209576852800947 0.5600213959500243 1.340257809093511 -0.2286638780277877 0.5549932770071526 -0.2286638780277877 -0.218047320757615
1305031471.227569 1.21026777308053 0.5592548183452084 1.342661427624798 -0.2328112301499261 0.5497285848704475 -0.2328112301499261 -0.218810617717192
1305031471.259722 1.205811457502203 0.5577270249964282 1.348173584392982 -0.2321881689415441 0.5457167043480244 -0.2321881689415441 -0.2154075731322505
1305031471.296068 1.202579951829058 0.5545912891409046 1.350007689386174 -0.2326852976480611 0.5428529824896723 -0.2326852976480611 -0.2144471777618613
1305031471.327642 1.197878755709613 0.5444178841895796 1.350250126425205 -0.2305317395479957 0.5372220789406205 -0.2305317395479957 -0.2196876534153153
1305031471.359615 1.194059774197793 0.5389282478838556 1.35262655676841 -0.2281204622333745 0.5325117169974499 -0.2281204622333745 -0.2248490054557558
1305031471.39573 1.200403154827897 0.5487492045773962 1.354315872740073 -0.2324386268377618 0.5302042924793517 -0.2324386268377618 -0.2222820412166404
1305031471.427704 1.189527385670113 0.53416353674923 1.358227712268524 -0.2199768289081718 0.5224580091224693 -0.2199768289081718 -0.2294666588952722
1305031471.459647 1.187294864190762 0.5193739298249873 1.358293698328548 -0.2185242076423669 0.5132172168671961 -0.2185242076423669 -0.2393581321935428
1305031471.496491 1.18742877909884 0.5205080355364931 1.363559096847207 -0.2229963322593429 0.5100818753916521 -0.2229963322593429 -0.2347496609789398
1305031471.527624 1.185472037312993 0.5173787145992449 1.366068060315616 -0.2234966529550202 0.5068451705475119 -0.2234966529550202 -0.2328372181633519
1305031471.559671 1.182938442984848 0.5105721527015314 1.3677949973539 -0.2228391842175836 0.5023853377679148 -0.2228391842175836 -0.2339043403537195
1305031471.595702 1.181036750245548 0.5152677644853914 1.37336339963837 -0.2237011615984134 0.5011932254341075 -0.2237011615984134 -0.2275379406941052
1305031471.627621 1.176393246129448 0.5061936144714588 1.376793581079907 -0.2155032622131096 0.4979988317539591 -0.2155032622131096 -0.2315860989455293
1305031471.659642 1.177864351428187 0.5021886686478589 1.37791890412718 -0.2128741045999941 0.4952630831841256 -0.2128741045999941 -0.2352132812870524
1305031471.695609 1.175227981821173 0.497944553341317 1.381087429053663 -0.2082339926428418 0.4904242288772235 -0.2082339926428418 -0.2382456437899796
1305031471.727501 1.175229363967527 0.4954804485564283 1.384964195848589 -0.2067711845600035 0.4845054378478095 -0.2067711845600035 -0.2393111340900457
1305031471.759702 1.180355503693641 0.4988623582703218 1.38787592203817 -0.2091161658072281 0.4805250781952175 -0.2091161658072281 -0.2357107014703522
1305031471.795801 1.180525334956941 0.4942726501286508 1.387976771536723 -0.2055113044766095 0.4740635692160684 -0.2055113044766095 -0.237824874286676
1305031471.827639 1.183804723637149 0.4978631669578232 1.390250643428295 -0.2059488507758886 0.465978640759625 -0.2059488507758886 -0.2359655788284139
1305031471.859665 1.190670021764912 0.4976680436772342 1.390731241811061 -0.2067307333154002 0.459599114798027 -0.2067307333154002 -0.2324776971050705
1305031471.895604 1.1887030663088 0.4923850696263097 1.389997924679193 -0.2022291562663958 0.4539723255712395 -0.2022291562663958 -0.2308451088866444
1305031471.927651 1.192014724630256 0.4919289735003631 1.388997976111283 -0.201474864276641 0.4489163038701613 -0.201474864276641 -0.2277825672231841
1305031471.959643 1.201651098015199 0.495645482159307 1.385991579954938 -0.2037146456837335 0.4473914005122386 -0.2037146456837335 -0.2232405223464962
1305031471.995573 1.187686234291271 0.4680974806386168 1.381982628342474 -0.1811175945411852 0.4443338454517428 -0.1811175945411852 -0.2397608011248696
1305031472.027638 1.187820423039483 0.4672272433086487 1.383469445343291 -0.1764444731945206 0.4382273779688751 -0.1764444731945206 -0.2386504896968114
1305031472.059668 1.198238984949363 0.4860851546272363 1.386852264801753 -0.18344488019553 0.4381030225409808 -0.18344488019553 -0.2200947556989648
1305031472.095601 1.187564228504723 0.4624489842716874 1.379685274635617 -0.1683408494921152 0.4319703420678507 -0.1683408494921152 -0.2322940828496458
1305031472.127594 1.182789839078048 0.4469151888113097 1.375937172109938 -0.160039044199774 0.4243279742610995 -0.160039044199774 -0.2405895506950511
1305031472.159645 1.193539456679695 0.4687063501681249 1.383456675323184 -0.1707222631743132 0.4269560402754324 -0.1707222631743132 -0.2193956604776787
1305031472.195682 1.187201136430763 0.4389270464033439 1.371133274378185 -0.1600595242592347 0.4218727529803146 -0.1600595242592347 -0.2368443960366872
1305031472.227626 1.169592041935575 0.410673240932678 1.36372819339865 -0.1452866353812766 0.4119689487462659 -0.1452866353812766 -0.2547500090872212
1305031472.26384 1.170348487941963 0.4068002670139321 1.364371596026773 -0.1467206484252529 0.4092606833417773 -0.1467206484252529 -0.2571778148893755
1305031472.295671 1.16975151942069 0.4064867105838121 1.363762170690638 -0.1481253184013093 0.4081289262777789 -0.1481253184013093 -0.2601319069685587
1305031472.327678 1.161194568848943 0.4028031503574606 1.364227975131079 -0.1448104763546269 0.4037481251341828 -0.1448104763546269 -0.2671138729108134
1305031472.363577 1.164436728298591 0.4006740284672727 1.366556698716922 -0.1480080112723575 0.4010885957437981 -0.1480080112723575 -0.2716122700925674
1305031472.395599 1.166858638573018 0.4039337630234713 1.370464569772861 -0.151333695500289 0.4010157285108352 -0.151333695500289 -0.2680643352183785
1305031472.427686 1.163534084071256 0.3932899051146357 1.366644862731045 -0.1496782147180616 0.3979998113831559 -0.1496782147180616 -0.2744330484903089
1305031472.463603 1.159074392187493 0.3918057782640336 1.368446880995694 -0.1506540165000596 0.398036687013646 -0.1506540165000596 -0.2754949827690574
1305031472.495626 1.155278332626989 0.393005348875669 1.37080900257884 -0.1500768654499226 0.399105507777607 -0.1500768654499226 -0.2758941671911763
1305031472.527625 1.160828810360027 0.4076375678794797 1.37650759164705 -0.1550791633007126 0.4025259711415254 -0.1550791633007126 -0.2686024518687821
1305031472.563587 1.15738994635211 0.4071206033629713 1.377022523186298 -0.152192759340662 0.4005970649716652 -0.152192759340662 -0.2713155812432927
1305031472.595675 1.149902904649848 0.4007795343833688 1.378803917865607 -0.1490036583548818 0.397052736550971 -0.1490036583548818 -0.279026401931344
1305031472.627701 1.1535118014974 0.4063955908247151 1.384253281561827 -0.1552274670001585 0.3960284215838403 -0.1552274670001585 -0.2781109809789314
1305031472.663575 1.15623728103379 0.4128313128982719 1.386896395046033 -0.1596803419456105 0.3957449587311998 -0.1596803419456105 -0.2751283104223878
1305031472.695755 1.153103251675256 0.4128661177602492 1.387288711973682 -0.159033448569479 0.3939499931617158 -0.159033448569479 -0.2769457314871538
1305031472.727628 1.152013035150003 0.4163271355235471 1.389567762529278 -0.1608251727546171 0.3934439555681919 -0.1608251727546171 -0.2774121582448987
1305031472.763578 1.151171322514017 0.4207214560646483 1.391413678968129 -0.1631200051952659 0.3936421436578725 -0.1631200051952659 -0.2783364168261015
1305031472.79564 1.153437206280868 0.425398903704506 1.393083237190614 -0.1654963138828752 0.3947234450266198 -0.1654963138828752 -0.2791355238923731
1305031472.827627 1.151968398755327 0.4306034924110504 1.395039407668111 -0.1656203325463753 0.3960495435420296 -0.1656203325463753 -0.2795743836175428
1305031472.863598 1.149731857768463 0.4296884318483831 1.394918103356267 -0.16446548630755 0.3948858347474576 -0.16446548630755 -0.2840426289968244
1305031472.895713 1.147986684711405 0.4303756751192783 1.396877006364113 -0.1649866655533658 0.3928935827963015 -0.1649866655533658 -0.2849873970279456
1305031472.927685 1.148735790979573 0.4351951627232017 1.398276262966381 -0.1689426174283379 0.391572945402236 -0.1689426174283379 -0.2815244350785016
1305031472.963756 1.150519782834986 0.4433290772472581 1.398967086430218 -0.173828588877182 0.3915680134035778 -0.173828588877182 -0.2772135224617353
1305031472.995704 1.150165158738193 0.4470462939543598 1.399676349741572 -0.1753416820274443 0.3902082122753828 -0.1753416820274443 -0.2755292131259808
1305031473.027638 1.151476538542414 0.4518700360039142 1.400345615739499 -0.1786053169761344 0.389970710633209 -0.1786053169761344 -0.2717448233391838
1305031473.063684 1.156544136320333 0.4580817183403767 1.399049481544981 -0.1851714472347481 0.3907379106192953 -0.1851714472347481 -0.2686081154264245
1305031473.095695 1.152194807948194 0.4506563630151048 1.397170121716337 -0.179939426089628 0.3917835720506042 -0.179939426089628 -0.2732495342322961
1305031473.127744 1.151752626746313 0.4516768053706273 1.396241314775117 -0.1790576320465462 0.3932238994516154 -0.1790576320465462 -0.2746297273255389
1305031473.16706 1.152103004374013 0.454055892824857 1.396395526259376 -0.1790386869321667 0.3939236596969407 -0.1790386869321667 -0.2741220991597082
1305031473.196069 1.154023409531086 0.455151824589013 1.395663668206604 -0.1818849580919911 0.3947458980476612 -0.1818849580919911 -0.2751581800966912
