1305031453.39169 1.3112 0.8507 1.5186 -0.089797337548412 0.2361929969814578 -0.089797337548412 -0.3908884103304481
1305031453.423683 1.329050742321984 0.8491449638776816 1.524460083545651 -0.09473042914171162 0.221793097913947 -0.09473042914171162 -0.388556651361039
1305031453.459685 1.331764250643237 0.8398411562993501 1.527057839874832 -0.09268425344076957 0.2140962325532896 -0.09268425344076957 -0.3900321958377729
1305031453.491698 1.333146328206897 0.826327460868346 1.531250589936211 -0.08670565000358078 0.2046662312264131 -0.08670565000358078 -0.3938293190619046
1305031453.523684 1.335941999873653 0.8148046142664855 1.538129620147417 -0.08341960280382588 0.1915178462483672 -0.08341960280382588 -0.3978628175096411
1305031453.559753 1.36568409107026 0.8164286846868943 1.543771377358431 -0.09529009179367803 0.180557902217235 -0.09529009179367803 -0.4008518913554845
1305031453.59164 1.389415761914017 0.8123407730888975 1.547294034571535 -0.1084418731716976 0.1697861962501082 -0.1084418731716976 -0.4040871696159106
1305031453.627706 1.40726627735294 0.7963465762188024 1.547741651364273 -0.1135736046247799 0.1615873922373207 -0.1135736046247799 -0.4118277284736854
1305031453.6596 1.407999220420897 0.7733798812501688 1.555587905796258 -0.1142631596725144 0.1561094145729116 -0.1142631596725144 -0.4172262191180657
1305031453.691678 1.373333643421123 0.7527788609166096 1.575664419214327 -0.1033543061069773 0.1555862387368398 -0.1033543061069773 -0.4196057129939487
1305031453.727652 1.383279821005844 0.7324731448094094 1.568452809304313 -0.1110850545183177 0.1601439507924098 -0.1110850545183177 -0.4287547676360646
1305031453.759694 1.421964499366458 0.7088588357880462 1.554161108978733 -0.1317295088539993 0.1602942554886523 -0.1317295088539993 -0.4349576734382114
1305031453.791716 1.391677239186254 0.6698696055078834 1.569602556895809 -0.1316879694165219 0.1607190312243748 -0.1316879694165219 -0.4344868792238013
1305031453.827773 1.382124741216989 0.6455183978804663 1.571861291198504 -0.1343428886443148 0.1699807444487359 -0.1343428886443148 -0.4387664656441167
1305031453.859705 1.384840289555761 0.6291794177313992 1.568817449139988 -0.1405961255054868 0.1789385812317509 -0.1405961255054868 -0.4416749908497471
1305031453.89171 1.306998938160849 0.5960580177123378 1.581287467802198 -0.1226046469799612 0.1837890562009121 -0.1226046469799612 -0.4422967472626151
1305031453.927723 1.259817690056019 0.5606268747640017 1.577181552195269 -0.1129692159762049 0.1968406031897674 -0.1129692159762049 -0.4459227688655319
1305031453.959641 1.301960972511083 0.5378553109024667 1.548096004188166 -0.1383226065235876 0.2163067831133589 -0.1383226065235876 -0.4484446028139243
1305031453.991624 1.327306745361967 0.5200379988998129 1.542605942227334 -0.1512062523615479 0.2377798940166401 -0.1512062523615479 -0.4448116427020692
1305031454.027662 1.340409451799188 0.5209601580118391 1.562482428134879 -0.1638700746360581 0.2526059002005278 -0.1638700746360581 -0.4336818267771485
1305031454.059654 1.33604532030695 0.5129972726144651 1.55780894995263 -0.16988615945928 0.2662398226337208 -0.16988615945928 -0.4345268147033016
1305031454.091651 1.324873047817468 0.5031165082477614 1.563465157193938 -0.1753301167182542 0.2801447230230863 -0.1753301167182542 -0.4315507763510354
1305031454.127701 1.320073266086582 0.5012634578401955 1.563674077597645 -0.1788268340030602 0.3007633848422686 -0.1788268340030602 -0.4306564794140705
1305031454.159672 1.301730609720841 0.4822803155743221 1.556726623413794 -0.1820102167636591 0.3186399819815627 -0.1820102167636591 -0.4342182166241659
1305031454.191658 1.282138738386864 0.4867920134200654 1.559615142029665 -0.1889766045712359 0.3361004726796991 -0.1889766045712359 -0.4293870713287367
1305031454.227671 1.271381084983354 0.476449482733672 1.554576711545137 -0.1962510840169074 0.3550503003103828 -0.1962510840169074 -0.4243063610567641
1305031454.259627 1.203418079421161 0.5099655591744308 1.583900248315411 -0.1866290642894543 0.3650421380123101 -0.1866290642894543 -0.4176329883494809
1305031454.291639 1.214983287337757 0.4683392689811864 1.557745392821778 -0.1934634097514177 0.3786730098370495 -0.1934634097514177 -0.4341689772299386
1305031454.327699 1.257195754081272 0.4011530013129653 1.513892442565226 -0.1974468424966406 0.387534468233644 -0.1974468424966406 -0.4550777448015547
1305031454.359636 1.232109029890921 0.4531186910048148 1.524210923957571 -0.2101195519310266 0.4034741278886386 -0.2101195519310266 -0.4374949807662626
1305031454.391677 1.191546588731413 0.4186440152822097 1.527473856894079 -0.1993033812938901 0.4230869233198128 -0.1993033812938901 -0.4455737978506201
1305031454.427465 1.197342914799744 0.3677302585411363 1.519879818921575 -0.1915155820198484 0.4393364099834997 -0.1915155820198484 -0.4568032039137244
1305031454.459913 1.22901150919274 0.4475275079907275 1.489965817998667 -0.2343042238434069 0.4482843491831295 -0.2343042238434069 -0.4380460106757889
1305031454.491617 1.22914181482558 0.3799881739252816 1.488947217790373 -0.2180679630215594 0.4661999553969173 -0.2180679630215594 -0.4529196095219273
1305031454.5277 1.216225322475264 0.3743615740367696 1.488993592144616 -0.2119391603710098 0.4827743200423345 -0.2119391603710098 -0.4523840168832038
1305031454.559575 1.219736381996388 0.3708418936230866 1.480978032410946 -0.2122539550871437 0.4983499940248027 -0.2122539550871437 -0.4505049648953345
1305031454.591635 1.224253461846056 0.3637400172080852 1.471418425679798 -0.2117079252791768 0.5100454985099406 -0.2117079252791768 -0.4481222611667321
1305031454.62758 1.226490852729076 0.3690625130996954 1.477326662200541 -0.2155096928053304 0.5289692789141384 -0.2155096928053304 -0.4370482267413823
1305031454.659528 1.23946564031092 0.3521892455501147 1.450485662164942 -0.2211052554639591 0.5476584079375374 -0.2211052554639591 -0.440440102396423
1305031454.691884 1.230051783328656 0.3383444414721484 1.449105664234527 -0.2192665169159292 0.5654733986347589 -0.2192665169159292 -0.4345834191786638
1305031454.727659 1.248026459536535 0.3602914684907484 1.43733601820502 -0.2399151495257649 0.5739948935965347 -0.2399151495257649 -0.4186772831794881
1305031454.759732 1.261943233050987 0.3793566042305402 1.422289340177872 -0.2563237827932836 0.5868011298670994 -0.2563237827932836 -0.4088991468982549
1305031454.791641 1.265142341351382 0.3890412615031269 1.406135411506512 -0.2666549220496814 0.5858700249299237 -0.2666549220496814 -0.4027233851787519
1305031454.82757 1.27215161523399 0.3911279833995384 1.399439648387015 -0.2729410790616269 0.5816555498313355 -0.2729410790616269 -0.3971471437830147
1305031454.85962 1.286340868501713 0.3901220203107193 1.386668571489412 -0.2790891088067566 0.5754932788497474 -0.2790891088067566 -0.3935841154001115
1305031454.891764 1.297322683271553 0.3772945197455518 1.382330738082578 -0.2755770503662643 0.5690549679321955 -0.2755770503662643 -0.3936296269619213
1305031454.927567 1.300472405383036 0.3777224875481109 1.375225189502403 -0.2749297932893766 0.5622438926508766 -0.2749297932893766 -0.391282058455079
1305031454.959648 1.303902034655291 0.3835861686830115 1.368049902745454 -0.2750392805618998 0.5568094949289728 -0.2750392805618998 -0.3879419567286675
1305031454.991937 1.300739447794274 0.3848982303674676 1.366562217535468 -0.2732607728051945 0.5512083078031375 -0.2732607728051945 -0.3826496368785826
1305031455.027799 1.302016771252932 0.3673565960098291 1.363110664311835 -0.2695159332201338 0.5450618762682378 -0.2695159332201338 -0.3839747825425615
1305031455.059636 1.304815824820544 0.3603115281828475 1.354590979215133 -0.2709930122519994 0.5422339717594485 -0.2709930122519994 -0.3838544735816642
1305031455.0917 1.307719345078605 0.3519994268803082 1.351728407197813 -0.2689698776376937 0.5393922687294485 -0.2689698776376937 -0.3836013378569118
1305031455.127695 1.304246254913066 0.3325226018913845 1.34585242144833 -0.2636477685785104 0.5367440286254332 -0.2636477685785104 -0.3898039436615423
1305031455.15972 1.310489997698033 0.3127041755794386 1.33649219722477 -0.2594708767846955 0.5328025434172255 -0.2594708767846955 -0.3968276069614593
1305031455.191655 1.306281406136051 0.3022995909777024 1.330240007727785 -0.2576664756562427 0.5278680872962392 -0.2576664756562427 -0.3972778810895941
1305031455.227581 1.304435969317439 0.2881555941710801 1.323918914727561 -0.2561209809567664 0.5219634470170388 -0.2561209809567664 -0.3967198416541913
1305031455.259631 1.300823910094418 0.2779260198909335 1.32047921483964 -0.2564943790248518 0.5157345737471523 -0.2564943790248518 -0.3969213251949945
1305031455.291831 1.30139528515701 0.2588021354014787 1.313686007489512 -0.2530619562411304 0.5093403351283954 -0.2530619562411304 -0.3991478535080772
1305031455.327766 1.294056422266403 0.2481421036958287 1.307772596453047 -0.2513954203687957 0.499674986841193 -0.2513954203687957 -0.3938402302715249
1305031455.35963 1.2876178414652 0.2356064457903572 1.303780331621026 -0.2532351598428504 0.4897476102538681 -0.2532351598428504 -0.3886591472892643
1305031455.391665 1.289574589067014 0.2193582580661632 1.296018216160162 -0.2524581939923687 0.4844874162265606 -0.2524581939923687 -0.3848357979980125
1305031455.427642 1.271362488281308 0.216688893117286 1.29590249320678 -0.2495339829188873 0.4742737787235266 -0.2495339829188873 -0.3743126124753386
1305031455.459589 1.263783923883324 0.204743844908764 1.295966882713695 -0.2462404055922982 0.4645417884339659 -0.2462404055922982 -0.3691766453706916
1305031455.491637 1.254346305305752 0.1918907513398664 1.301290770524168 -0.2449026576887348 0.4558119694778445 -0.2449026576887348 -0.3644737360222776
1305031455.52761 1.2500543908652 0.1774163384783606 1.300137219143832 -0.2458207073805851 0.4460466753640883 -0.2458207073805851 -0.3624960811957114
1305031455.559669 1.238347055646786 0.1595097799547038 1.302882483332918 -0.2458437925561298 0.4335325525917976 -0.2458437925561298 -0.3598558734824522
1305031455.591645 1.2211230806819 0.1506827144455489 1.310529285062674 -0.2517977480231519 0.4218920521868893 -0.2517977480231519 -0.3533993357232342
1305031455.627617 1.215711177939608 0.1323541334341424 1.311519069693553 -0.2588409976991331 0.4094956247961546 -0.2588409976991331 -0.3514077206108011
1305031455.659615 1.205219466679176 0.1244186125355551 1.321529609279482 -0.2618495790675416 0.3989466009021722 -0.2618495790675416 -0.3435761732343446
1305031455.691605 1.188525424570819 0.1012681104735396 1.329411798575361 -0.2587358439938638 0.3924283549546065 -0.2587358439938638 -0.3492803286086655
1305031455.727628 1.181337611350203 0.09532084445618656 1.330996898001925 -0.262184666618253 0.3912967718133866 -0.262184666618253 -0.3513160100071389
1305031455.759683 1.177896940405065 0.09131836543056984 1.336977211915029 -0.2613560025208075 0.3938684207132499 -0.2613560025208075 -0.3524698583402229
1305031455.791666 1.165567933155595 0.06440708095145603 1.348056312636031 -0.2507341376052379 0.3935098275737297 -0.2507341376052379 -0.3593764359084286
1305031455.82759 1.152638180955766 0.04828096432232101 1.360592825405397 -0.2455930942716297 0.3891141549123125 -0.2455930942716297 -0.3627994177748692
1305031455.859526 1.14840361714314 0.0403057090101004 1.369173783458125 -0.245389722449086 0.3872385534705896 -0.245389722449086 -0.3649654965887512
1305031455.891657 1.13826269507872 0.03268961957727069 1.387028113462464 -0.2426932382378736 0.3877212934654672 -0.2426932382378736 -0.3625907053832287
1305031455.927955 1.131982997460481 0.02092424429558534 1.399387490740618 -0.2395919928619016 0.3868793486433325 -0.2395919928619016 -0.3633298503506357
1305031455.959716 1.11906322521669 -0.0007592795778429175 1.415000733785988 -0.2309532654489873 0.3863742410127561 -0.2309532654489873 -0.3660898438282861
1305031455.991694 1.102874660568584 -0.03190316717280152 1.422698298813551 -0.2205988367578939 0.3856515935543883 -0.2205988367578939 -0.3732460386902662
1305031456.02777 1.097025292858819 -0.04545423254226752 1.432316036636774 -0.2135368601912939 0.3859435297598927 -0.2135368601912939 -0.3739815990416302
1305031456.059713 1.094270539705416 -0.06524636555168963 1.434336209331603 -0.2057733259352411 0.3843551129890622 -0.2057733259352411 -0.3741046500881344
1305031456.091707 1.096998500409963 -0.05536960722499044 1.447134933275605 -0.1992486497069598 0.3925706160438476 -0.1992486497069598 -0.3638168316546254
1305031456.127645 1.089442971133941 -0.04787381600092221 1.457986017868035 -0.1938051882970304 0.39675699995015 -0.1938051882970304 -0.3569902139941498
1305031456.159731 1.079125325671689 -0.05104811913158983 1.469646117588387 -0.1874723882207725 0.3975406684421328 -0.1874723882207725 -0.3560857798673207
1305031456.191658 1.077381072287571 -0.04531523448403737 1.475075617803582 -0.1860638838416812 0.3965291688780508 -0.1860638838416812 -0.3552480560409665
1305031456.227678 1.073277970776261 -0.02399702084765791 1.485781154896652 -0.1892643983972702 0.3906276679280541 -0.1892643983972702 -0.3530928913129991
1305031456.291675 1.062255668830879 -0.07525724112097013 1.486487482869013 -0.1678657850160666 0.389393829759381 -0.1678657850160666 -0.3738352074728414
1305031456.327718 1.07394512180878 0.01252796162206146 1.501078228811793 -0.1885781958805275 0.3704820270915387 -0.1885781958805275 -0.3516485621054742
1305031456.391619 1.038180343412142 -0.05145302427364173 1.495016694149987 -0.1596157627796076 0.36304682497291 -0.1596157627796076 -0.3794549758015046
1305031456.427662 1.039301844942321 -0.03004467814995442 1.521264349609433 -0.1554408437708645 0.3419855237032892 -0.1554408437708645 -0.3745428245266788
1305031456.491677 0.9603634833579979 0.002827268752278383 1.573012225998484 -0.1379769371845549 0.3259514942105586 -0.1379769371845549 -0.3551349493594703
1305031456.527641 0.9654331667024267 -0.1639298274632078 1.502141152235314 -0.1101987698302375 0.3169336560077754 -0.1101987698302375 -0.4133102181043887
1305031456.591651 0.963665663629345 -0.08630444061908331 1.483579959049721 -0.1368202004568595 0.3126066153999877 -0.1368202004568595 -0.3877821758226342
1305031456.627612 0.9258744824723487 -0.1022421110028631 1.47561404701963 -0.129661826992494 0.3008349869789138 -0.129661826992494 -0.389236709975342
1305031456.691612 0.919406180839066 -0.1141992682920652 1.454449824552015 -0.1232344909730837 0.2975712582305615 -0.1232344909730837 -0.3864090785145684
1305031456.727693 0.8863133717700249 -0.07095113402921133 1.459394339313541 -0.127925759976643 0.285993355548062 -0.127925759976643 -0.3602369780238491
1305031456.791649 0.867909517865736 -0.08905051262771563 1.452594024899945 -0.125130973418956 0.2759809121155187 -0.125130973418956 -0.3580748577437119
1305031456.827603 0.8106474495536333 -0.06291570183188108 1.463124064842624 -0.1346186326817924 0.2672431141116111 -0.1346186326817924 -0.3370886685723467
1305031456.891672 0.8163680527880687 -0.1018091542948894 1.436210777768872 -0.1371469144216716 0.2564940866577723 -0.1371469144216716 -0.3487883169122732
1305031456.92769 0.8051539299503165 -0.1112907033765163 1.427610990995342 -0.1357649274775887 0.2491953329341787 -0.1357649274775887 -0.3438968070698106
1305031456.959667 0.7930267299317777 -0.0456476553608061 1.429560927876306 -0.1508187798871487 0.2377395986775935 -0.1508187798871487 -0.3227561648823309
1305031456.991709 0.7992240533471179 -0.05284953613515481 1.416209874449107 -0.1552584148561416 0.2315196092223149 -0.1552584148561416 -0.3226377499204372
1305031457.027648 0.7753798939478296 -0.06191302832497562 1.413976848390587 -0.1437021346125357 0.2292089807099378 -0.1437021346125357 -0.3189679188158757
1305031457.091655 0.7635782356027468 -0.04788154862081007 1.410127919420857 -0.1439403192595609 0.2272684016280979 -0.1439403192595609 -0.3121328943251269
1305031457.127632 0.7393564835730391 -0.1519785260263234 1.395032945456517 -0.1161149940641322 0.2118002263868699 -0.1161149940641322 -0.3376086479972927
1305031457.191735 0.7249022085955804 -0.05550338045426208 1.426515649336059 -0.1260988225128621 0.2104533527292346 -0.1260988225128621 -0.29013251942803
1305031457.227543 0.6897619462428966 -0.08894299882491838 1.429368010395693 -0.1085992288773098 0.1905717295798027 -0.1085992288773098 -0.3007668033234019
1305031457.291656 0.6893305603290579 -0.09065031724511941 1.443061508767866 -0.1076417061338426 0.1846175448628859 -0.1076417061338426 -0.2916365192349731
1305031457.327548 0.6660740144919217 -0.03438748999152447 1.465212109258447 -0.1094233966668585 0.1697531605640313 -0.1094233966668585 -0.2733192282256717
1305031457.391684 0.6538263043678243 -0.09629547731759575 1.476495426801183 -0.09309118599078851 0.1589791724386312 -0.09309118599078851 -0.2950198091952862
1305031457.427641 0.614315409498124 -0.1350479093476873 1.463494979386009 -0.07055302722536894 0.1367574424222008 -0.07055302722536894 -0.3200712632327853
1305031457.491705 0.6163596273247993 -0.1300494005288626 1.51033875169116 -0.07067776703509329 0.1284899364072684 -0.07067776703509329 -0.3050405954237421
1305031457.527638 0.5894874308785352 -0.1426246168231189 1.518898813072137 -0.06828846535621018 0.1182156682810604 -0.06828846535621018 -0.3080571184643366
1305031457.559685 0.5831116107040126 -0.1298363671793877 1.535455096182913 -0.07071716052478742 0.1112214274894484 -0.07071716052478742 -0.3030234264558649
1305031457.591678 0.5752414318132811 -0.1342992143711908 1.552267026060693 -0.06858486702978472 0.1059883657163173 -0.06858486702978472 -0.3038907038019923
1305031457.627526 0.5652835180589099 -0.1412402855390107 1.569211584672074 -0.06608466676709503 0.1006901126989345 -0.06608466676709503 -0.3041706636026371
1305031457.659632 0.5491665525978874 -0.1770998776262331 1.597322456877657 -0.06120802808475891 0.0950770682222965 -0.06120802808475891 -0.3080758118767983
1305031457.69157 0.5236501146297819 -0.1932546224139872 1.608884783693058 -0.0581542227499303 0.08777876808308123 -0.0581542227499303 -0.3097714601015989
1305031457.727669 0.5052926811762135 -0.2191611469182227 1.604185166506873 -0.05798355830482375 0.07974032025735657 -0.05798355830482375 -0.3134032513744715
1305031457.759556 0.4729397090871604 -0.2147091502519405 1.629868421738201 -0.05258359768937954 0.0721305123686411 -0.05258359768937954 -0.304511158728881
1305031457.791567 0.4545960196261196 -0.2194151203503741 1.640428430471496 -0.04948300359356734 0.07032218432852828 -0.04948300359356734 -0.307513979106045
1305031457.827699 0.4956281218556148 -0.1662096947859606 1.651657151918063 -0.05295678007562384 0.07964954828821394 -0.05295678007562384 -0.3114328256347982
1305031457.859623 0.4846213079948448 -0.169804883204148 1.660253797447598 -0.04579794496777462 0.0737287605513573 -0.04579794496777462 -0.3223332826191624
1305031457.891593 0.4503573680002987 -0.196842469407427 1.671857886627214 -0.03372931221351098 0.05843185743698694 -0.03372931221351098 -0.327874279603637
1305031457.927633 0.4251743169328726 -0.1946043669086727 1.678038862385678 -0.02286163119040924 0.05485327728698668 -0.02286163119040924 -0.3383520514794081
1305031457.991644 0.4147777304984444 -0.1800207438291896 1.693333209452636 -0.02057351388367134 0.05480931879272897 -0.02057351388367134 -0.3476806779415286
1305031458.027845 0.3141471108007554 -0.3062107177698037 1.629347104665834 -0.004376280886815316 0.02978967007087282 -0.004376280886815316 -0.400742761465451
1305031458.059689 0.4440972525193914 -0.2336901437806191 1.628079058681694 -0.04679878730548533 0.03560595946309113 -0.04679878730548533 -0.3967027972769955
1305031458.09169 0.4426193096567266 -0.2501509451282336 1.629518250195921 -0.04818895027487823 0.03037038895147633 -0.04818895027487823 -0.4065003479441242
1305031458.127605 0.4624547421132421 -0.3397853305584311 1.586752394699887 -0.05992473678667032 0.01843102070500853 -0.05992473678667032 -0.43294683889141
1305031458.159638 0.4348081726058517 -0.3619810120549827 1.572783317945682 -0.05434381177703569 0.01312943870633611 -0.05434381177703569 -0.4401524962214438
1305031458.191646 0.3806366542458671 -0.3666570537318413 1.570641530215842 -0.04442166681151383 0.004388278286408505 -0.04442166681151383 -0.444159679987686
1305031458.227611 0.2005444219075428 -0.4250884228273469 1.595682051955633 -0.003005885392074033 -0.01111708797923064 -0.003005885392074033 -0.4454223340033807
1305031458.259934 0.2371827640838947 -0.4089737215304551 1.608487948212216 -0.01799114251006859 -0.01805484243572181 -0.01799114251006859 -0.4327654887532869
1305031458.291664 0.218214146772934 -0.3860803587345265 1.570630949965276 -0.006408508016756903 -0.0212328895052329 -0.006408508016756903 -0.4385328131356652
1305031458.327628 0.1689887504786478 -0.3752606058698348 1.580304947367698 -0.005403099837447988 -0.02047712084809635 -0.005403099837447988 -0.4428142276260173
1305031458.35959 0.191187243970231 -0.3704092270764696 1.585214591689848 -0.02028576103062574 -0.02348168921030682 -0.02028576103062574 -0.4413393958894365
1305031458.391626 0.08799066662301827 -0.4086557191114432 1.532078685860932 0.01037625394459257 -0.03200066135005643 0.01037625394459257 -0.4619307465451656
1305031458.427598 0.1018151046347971 -0.3639715696433014 1.539046010441234 -0.0007527032862646911 -0.03093633913195827 -0.0007527032862646911 -0.4648062501703998
1305031458.459637 0.06571716159435259 -0.3819966258860933 1.543183367595598 0.001781702995136839 -0.03696138013135863 0.001781702995136839 -0.4709210953190239
1305031458.491696 0.3187396796350012 -0.3386703381170457 1.518371280741738 -0.06823237979181491 -0.02568192558260772 -0.06823237979181491 -0.4775510620291848
1305031458.527737 0.2171460925384794 -0.1965360684121112 1.545260655572246 -0.04161068081082508 -0.04424053017511444 -0.04161068081082508 -0.4737367638977415
1305031458.559628 0.01209819047926802 -0.119718358397552 1.598195170485546 0.01034395915733163 -0.0875351477362557 0.01034395915733163 -0.465627531953309
1305031458.591641 0.0933534857129594 -0.1927582733423877 1.544348804664247 -0.01771209303941646 -0.08601155892278933 -0.01771209303941646 -0.4968022997173268
1305031458.627659 0.008677041152150469 -0.1618758451596471 1.52739531651844 -0.01652859544550872 0.08218356186846641 -0.01652859544550872 0.5065098546138487
1305031458.659623 -0.09097861951948062 -0.1752583754604535 1.562767412407633 0.05401990821704217 -0.08948585514026249 0.05401990821704217 -0.4930975782694144
1305031458.691674 -0.1291592260196577 -0.2244686375401264 1.535495277285581 0.05549126514697775 -0.08723272443803856 0.05549126514697775 -0.4975109293071681
1305031458.72765 -0.2410059445848432 -0.09284534489987534 1.51166349027363 0.08186840301968981 -0.07486618324818885 0.08186840301968981 -0.4777738366358376
1305031458.759945 -0.3298027948539012 -0.1541303712621727 1.409627525863073 -0.1237024460570783 0.04728708998240935 -0.1237024460570783 0.5020721845857387
1305031458.791632 -0.3117865677142511 -0.1228085671212421 1.410274764289441 -0.1017063310845028 0.03699979439932116 -0.1017063310845028 0.5006650022633923
1305031458.827564 -0.2969309791433668 -0.1113304183362391 1.392006104056747 0.08396173833073232 -0.01412234026022305 0.08396173833073232 -0.4993870978589999
1305031458.891665 -0.2777950533060568 -0.08861070914096759 1.396267719798485 0.06743351382489773 -0.01133343994199301 0.06743351382489773 -0.4885631120996045
1305031458.927621 -0.2386983357656658 -0.02570041247984971 1.421972298331524 0.04906473199364385 -0.006661799558653192 0.04906473199364385 -0.4770258739606185
1305031458.959617 -0.2386983357656658 -0.02570041247984971 1.421972298331524 0.04906473199364385 -0.006661799558653192 0.04906473199364385 -0.4770258739606185
1305031458.991647 -0.2502584137743223 -0.1194756953435497 1.373377471455751 -0.06154440225974506 -0.001350154014070424 -0.06154440225974506 0.502588153358673
1305031459.027665 -0.2502584137743223 -0.1194756953435497 1.373377471455751 -0.06154440225974506 -0.001350154014070424 -0.06154440225974506 0.502588153358673
1305031459.059631 -0.3745537892607618 0.08003784797739891 1.457992124133039 0.07553127499680155 -0.0195006065506072 0.07553127499680155 -0.4665961314432974
1305031459.127618 -0.2890589369823149 0.02725399314572616 1.420554847585175 0.03802905112685227 -0.01293823280333643 0.03802905112685227 -0.4883762963201962
1305031459.159639 -0.2890589369823149 0.02725399314572616 1.420554847585175 0.03802905112685227 -0.01293823280333643 0.03802905112685227 -0.4883762963201962
1305031459.191674 -0.2897320284840863 -0.00245802198751428 1.407304064280896 0.01962072120693061 0.002859022025396972 0.01962072120693061 -0.4986282595562854
1305031459.227607 -0.3363450818655956 -0.03894213265619026 1.395638692606229 -0.00968232788814619 -0.002864389702793914 -0.00968232788814619 0.5056150279385644
1305031459.25976 -0.4111759298903538 -0.05987991777668925 1.422645962076148 0.006011451562590062 0.01834731356659227 0.006011451562590062 0.5014369928766783
1305031459.327632 -0.3227097265715263 0.01034031822208931 1.39932930210229 -0.04375223402050508 -0.02554389835010479 -0.04375223402050508 -0.4968103962593037
1305031459.359651 -0.01488879785452618 -0.2474205282192731 1.540671301486164 -0.1527474596911232 -0.08419402073476402 -0.1527474596911232 -0.4753514953983968
1305031459.391667 -0.3830550415557539 -0.01766132252251607 1.409823627168942 -0.01235695039899017 -0.09574342647873829 -0.01235695039899017 -0.4996611817019906
1305031459.427646 -0.3544826971171745 -0.03957779350475307 1.42755571081616 -0.02222970320166994 -0.1273311337290268 -0.02222970320166994 -0.4908637711261853
1305031459.459679 -0.4449225909291198 0.06824488076588592 1.423407687816104 0.01382480228904263 -0.1727093000470826 0.01382480228904263 -0.4706163407917342
1305031459.527594 -0.4404852197172851 0.1033235636686193 1.422011039447201 0.0175741756695599 -0.1974084350353117 0.0175741756695599 -0.4618652167358662
1305031459.559647 -0.4404852197172851 0.1033235636686193 1.422011039447201 0.0175741756695599 -0.1974084350353117 0.0175741756695599 -0.4618652167358662
1305031459.591695 -0.4608620723440769 0.1336880898815419 1.398569738124849 0.02941828580125791 -0.2248714586878306 0.02941828580125791 -0.454998653437917
1305031459.627608 -0.4638495216928144 0.1408181059618168 1.399852686349376 0.02447406470956239 -0.2461449123579796 0.02447406470956239 -0.4449892113890956
1305031459.659641 -0.4790280023701343 0.140670254509267 1.389656916287369 0.02095815067694509 -0.2561909252936429 0.02095815067694509 -0.442797071107456
1305031459.691604 -0.4477016815956715 0.1371795672879991 1.375809227093726 0.008180949376318318 -0.2551267738622167 0.008180949376318318 -0.4452232506267207
1305031459.727551 -0.4802652516314762 0.1259450164796412 1.371248809251948 0.02351803773981214 -0.2648700416990335 0.02351803773981214 -0.4449392312688271
1305031459.79165 -0.4910036203541178 0.1373158543643215 1.355507000222252 0.02851241675734035 -0.2732278103059674 0.02851241675734035 -0.4448268812843676
1305031459.827664 -0.4821819441939026 0.1486368638777155 1.361851209676234 0.02068752613902102 -0.2694754546558358 0.02068752613902102 -0.4469743364719868
1305031459.85966 -0.4954762535553785 0.152665071537981 1.378371326931693 0.01982526270112912 -0.2653942985498034 0.01982526270112912 -0.4428913045565959
1305031459.891596 -0.515671009987051 0.1460359264585762 1.388282505132963 0.01817470264310508 -0.2626021303058547 0.01817470264310508 -0.4397184009335098
1305031459.927607 -0.5526990453948558 0.1541662413534551 1.398426835440794 0.02205311076455057 -0.2630277375332042 0.02205311076455057 -0.4331654756453122
1305031459.991725 -0.5289525861742034 0.1654238894668843 1.403121840250766 0.004575790018421746 -0.2616981726524977 0.004575790018421746 -0.4285526898390573
1305031460.027565 -0.5985941231015943 0.1725499737020478 1.409748408532443 0.01539496456852233 -0.2671535629762941 0.01539496456852233 -0.4260326850071548
1305031460.059659 -0.589297026412129 0.1899041004104399 1.414058547882577 0.007657534399823448 -0.2690765868108617 0.007657534399823448 -0.4221184561322587
1305031460.091717 -0.5868485375136071 0.2028292331616523 1.41929078393754 0.002138597122178813 -0.2696534785764848 0.002138597122178813 -0.4205993107078522
1305031460.12769 -0.6250696184041384 0.21674165260621 1.428539760174709 0.003377218393072904 -0.2768368638918446 0.003377218393072904 -0.4191231516354763
1305031460.159678 -0.6539813047969453 0.2332261680409919 1.436917295481577 0.004760691624960733 -0.2820378254074937 0.004760691624960733 -0.4168754584254788
1305031460.191559 -0.6549995092266895 0.2430832393813086 1.444930761820628 -0.009102353835659559 -0.2860551308234937 -0.009102353835659559 -0.4169409557862639
1305031460.227761 -0.6686720800531625 0.2275445778116202 1.450578283598985 -0.02017641351413591 -0.2888134084950674 -0.02017641351413591 -0.4188134444685894
1305031460.291689 -0.6296415789708573 0.2452036524253089 1.470319025929947 -0.03812585454622418 -0.2926684102988484 -0.03812585454622418 -0.4078445747529356
1305031460.327512 -0.515291715021359 0.2325218378796991 1.523151302433513 -0.08036077196378626 -0.2892230148805177 -0.08036077196378626 -0.391635992825981
1305031460.391611 -0.6565975966137435 0.2681658225142102 1.476153233209469 -0.01374926084901058 -0.2997203407103892 -0.01374926084901058 -0.4164734471610372
1305031460.427477 -0.4349357694738952 0.1684450559398617 1.531106174140524 -0.1025837953615825 -0.2861992320754254 -0.1025837953615825 -0.4026010132670825
1305031460.45962 -0.450772027742652 0.1997281308612614 1.540277510670127 -0.08721983566229698 -0.2995519353129919 -0.08721983566229698 -0.3966213735170711
1305031460.491504 -0.4592120197054992 0.2024773420984009 1.544128451352967 -0.07773871872015381 -0.3099553780528715 -0.07773871872015381 -0.3956349291259953
1305031460.52757 -0.5025240445192163 0.2165238569049349 1.536466509622542 -0.05083737897808718 -0.3239011437063083 -0.05083737897808718 -0.3954423293118385
1305031460.559647 -0.5067147869039406 0.2373725219322701 1.545843706143449 -0.04149732154097609 -0.3403193414934654 -0.04149732154097609 -0.3829847911245639
1305031460.591855 -0.5267913822619322 0.2594824447745642 1.538915377566877 -0.02764088916876579 -0.3495257876821493 -0.02764088916876579 -0.379650204420298
1305031460.627625 -0.5208986575719122 0.2636894339278643 1.538659371132914 -0.02369113222455324 -0.3535434229658802 -0.02369113222455324 -0.377981084338166
1305031460.659764 -0.5280142067817101 0.2716461151681584 1.541063283158741 -0.0151157263546683 -0.3587919965472087 -0.0151157263546683 -0.3763844909954651
1305031460.691671 -0.5322624913174555 0.2816661749332053 1.543442704110853 -0.008044159351520207 -0.3624403002026341 -0.008044159351520207 -0.3752705686116125
1305031460.727675 -0.5408035587747646 0.291558662284066 1.554334541503887 -0.004404818971829198 -0.3673244692622121 -0.004404818971829198 -0.3701272512199762
1305031460.759667 -0.534065263770925 0.298780465898292 1.564141880328246 -0.008382765145885764 -0.3697906456956306 -0.008382765145885764 -0.3634663921599813
1305031460.79166 -0.5404574262071593 0.3126592993703826 1.559434157250469 -0.0006319953858251758 -0.3701941092901116 -0.0006319953858251758 -0.3633799429813145
1305031460.82766 -0.5556441722358637 0.3293057552870263 1.563410554550905 0.007952532131208508 -0.3720317798411081 0.007952532131208508 -0.3604546294776513
1305031460.859714 -0.5552456549757678 0.3464696098986846 1.57579830430533 0.008111603286250478 -0.3726440176903433 0.008111603286250478 -0.3519339896571532
1305031460.891774 -0.5621231655841674 0.3494116508975376 1.575700106003675 0.01302584201133658 -0.3688958220428764 0.01302584201133658 -0.349352594978874
1305031460.927562 -0.5732120905266145 0.3711207589175841 1.577152514844278 0.02382521003906564 -0.369230336585407 0.02382521003906564 -0.3426246688329491
1305031460.991668 -0.5799356533103396 0.3874099866171673 1.576728381447152 0.02831933456017035 -0.3690497871387138 0.02831933456017035 -0.3379378977667908
1305031461.02762 -0.5789324773283587 0.4140605894945252 1.580361528968246 0.03092271098268317 -0.3722763858396714 0.03092271098268317 -0.3354308159448042
1305031461.091728 -0.5961171370064657 0.4436932487330019 1.590902901221199 0.04047021711540856 -0.3821659246345526 0.04047021711540856 -0.3309782525635038
1305031461.127586 -0.6844662162219035 0.4639603792011072 1.554805856572719 0.07431499560505203 -0.3812143510530771 0.07431499560505203 -0.3519058270612851
1305031461.15972 -0.6609931489420925 0.477909438291638 1.558031946035791 0.06724614326672085 -0.3792779480348775 0.06724614326672085 -0.3478983041700576
1305031461.192013 -0.6613960645019897 0.461198643538424 1.54303927656394 0.06290724919667157 -0.3700776502999897 0.06290724919667157 -0.3651407544389922
1305031461.227607 -0.6816506157063507 0.5570129662533279 1.568252632053607 0.08922632355638509 -0.3726826732309184 0.08922632355638509 -0.3335374449424305
1305031461.259642 -0.6780441243514777 0.503857394610673 1.551823863797805 0.07661395831307426 -0.3649113821252399 0.07661395831307426 -0.3604067253782899
1305031461.291656 -0.6763330949237532 0.5206235514217978 1.552448337732416 0.07823477047445797 -0.3650354767999988 0.07823477047445797 -0.361514406447876
1305031461.327751 -0.6731767477390479 0.5297755105285997 1.553622136060853 0.07971741284206438 -0.3597725485450775 0.07971741284206438 -0.3638616274153588
1305031461.359709 -0.64842734843457 0.4468368120142405 1.533580163058361 0.05648047031660088 -0.3458547643275682 0.05648047031660088 -0.3977628220374749
1305031461.391708 -0.6231123729383267 0.4203716785380845 1.542182686313069 0.03958824305053547 -0.3445510314503258 0.03958824305053547 -0.4009660040082491
1305031461.427624 -0.6461236521777826 0.4296717010391891 1.526429824578167 0.05407617345727567 -0.3403767094779361 0.05407617345727567 -0.4021385471697826
1305031461.459781 -0.6187295671987594 0.4405697072541939 1.532380483843025 0.04567529232344305 -0.3390053903944359 0.04567529232344305 -0.3969987155228092
1305031461.491677 -0.6677942169031811 0.4364211141843704 1.507060404196289 0.06726557521814502 -0.3384517127982135 0.06726557521814502 -0.4083029636262211
1305031461.527705 -0.6759097206837084 0.4617589916545937 1.499173977553478 0.07865402088512521 -0.3396317924481487 0.07865402088512521 -0.4050838279931506
1305031461.559677 -0.7523831304640159 0.6888459177463203 1.512973698426012 0.1575719073253286 -0.3699248824905347 0.1575719073253286 -0.338054131168367
1305031461.59169 -0.6264554648481802 0.5672297329354422 1.549602607437033 0.08333824257298689 -0.3663062403142252 0.08333824257298689 -0.359082369694932
1305031461.627541 -0.5405747110629365 0.3952415491822943 1.519007734654231 0.02230535751611112 -0.3455574591814619 0.02230535751611112 -0.4163980008860798
1305031461.659622 -0.4953023044990236 0.3069502185859204 1.509588708668792 -0.006610445080978288 -0.3405332116734338 -0.006610445080978288 -0.4351543263297489
1305031461.691563 -0.4933728085004393 0.3398847529597313 1.520060403425543 0.005378358690218936 -0.347138392401849 0.005378358690218936 -0.4215873312563226
1305031461.727602 -0.5069313946242545 0.3205906241309304 1.510667686706158 0.009525668246573516 -0.350852992934081 0.009525668246573516 -0.4256580946803257
1305031461.759684 -0.5488466800539059 0.459455730713788 1.551779489734973 0.05335343616013077 -0.372612236099094 0.05335343616013077 -0.3727055088009773
1305031461.791612 -0.4634791572265765 0.2757447762471712 1.494667700941311 -0.01386197440535908 -0.3599575214251245 -0.01386197440535908 -0.4291770652115783
1305031461.827615 -0.509161451730004 0.4173819939326076 1.542433734755429 0.03728004288108079 -0.3797615154660194 0.03728004288108079 -0.3730207805178672
1305031461.859767 -0.4780417821005092 0.2923998430443904 1.49211324611741 0.003272079271559574 -0.3772914446015174 0.003272079271559574 -0.4155298737721405
1305031461.891723 -0.5030014785043644 0.2932264364925944 1.481940886154556 0.01755361523393931 -0.3846990417397095 0.01755361523393931 -0.4135965830069592
1305031461.927758 -0.527434063000928 0.3553531590856873 1.509153349867286 0.05119988587714444 -0.3895908443825707 0.05119988587714444 -0.3762372825051181
1305031461.959703 -0.4173774899452229 0.204658654142497 1.451796818154328 -0.03492264257590139 -0.3856296836168504 -0.03492264257590139 -0.4144055107150765
1305031461.99159 -0.4495691913297249 0.347169974813422 1.503302489379071 0.0223464774003581 -0.4052945467860595 0.0223464774003581 -0.3503292477692435
1305031462.027675 -0.4306372993802186 0.3163905292059863 1.49118103036997 0.0121178827540556 -0.4045392105034272 0.0121178827540556 -0.3496829792952308
1305031462.059837 -0.4720131897031039 0.3127404825930837 1.475332900934782 0.024138185798344 -0.4237830455966536 0.024138185798344 -0.3476750473049175
1305031462.091777 -0.4656125742931492 0.304353391319412 1.46692460191858 0.01121222232817971 -0.4320706137719525 0.01121222232817971 -0.3406981159442933
1305031462.127739 -0.4572615194239199 0.2983395988453034 1.456997525589149 -0.0001938072589320517 -0.43687454870902 -0.0001938072589320517 -0.333830899806096
1305031462.159646 -0.4282946495140821 0.2861809456489485 1.451481269482317 -0.01990885517520288 -0.4389482501867456 -0.01990885517520288 -0.3233434580962015
1305031462.191641 -0.4260363175577741 0.2757709229756344 1.440345641158397 -0.0269039946080043 -0.443852689326928 -0.0269039946080043 -0.3211361823389847
1305031462.227633 -0.4000055182897754 0.2534705122624248 1.429337389604353 -0.04015408996956694 -0.4337319523666643 -0.04015408996956694 -0.3187875647188741
1305031462.259765 -0.4108375840150644 0.250681006549678 1.431609780787711 -0.03383640550351072 -0.4346261972106119 -0.03383640550351072 -0.3097487601767802
1305031462.291629 -0.4137834892449751 0.2363939818320923 1.418006240093318 -0.03688139647245511 -0.4320181511838924 -0.03688139647245511 -0.3106607876265053
1305031462.32754 -0.4340461229944808 0.2217863172434191 1.39922119361156 -0.03169459285160048 -0.4260396914434811 -0.03169459285160048 -0.3173129200077023
1305031462.359732 -0.4313261926815108 0.2077563496875913 1.38867647975197 -0.03477775455182599 -0.4175459608716099 -0.03477775455182599 -0.3157799969852198
1305031462.391695 -0.4253291600513475 0.2021364294008779 1.387819765745134 -0.03751017463853541 -0.4090257825806627 -0.03751017463853541 -0.3070801060165498
1305031462.427635 -0.4527724256070659 0.1968499457588541 1.389332171715368 -0.0288818642946489 -0.4041148535244141 -0.0288818642946489 -0.3006151979872616
1305031462.459897 -0.4597176931903769 0.1899605863955345 1.382273867268317 -0.03056054408680374 -0.394181061861716 -0.03056054408680374 -0.2950146494027806
1305031462.492008 -0.464212381333983 0.1791717457677239 1.371593059542946 -0.03590751980408784 -0.3816739041008915 -0.03590751980408784 -0.2922024489445083
1305031462.52767 -0.4694952680201786 0.172854006494097 1.370971673134883 -0.04004802751025827 -0.3756303106358189 -0.04004802751025827 -0.282842352324683
1305031462.559862 -0.4650232612716609 0.1652101862687486 1.358590421637403 -0.04951819450273037 -0.3609617343880275 -0.04951819450273037 -0.281249669550134
1305031462.591862 -0.4606608337175234 0.1586749368861191 1.354716202807658 -0.05788535337997057 -0.3472668079401114 -0.05788535337997057 -0.2776520532851298
1305031462.627851 -0.4511262684697243 0.1537017533473526 1.35048780391742 -0.06409506110886931 -0.3363710625351924 -0.06409506110886931 -0.2760738708405469
1305031462.65966 -0.4466788459634229 0.1470827265078174 1.349761863012796 -0.06597442797648929 -0.3254931073418049 -0.06597442797648929 -0.2750070572704416
1305031462.692548 -0.4424294880423688 0.1381020590754742 1.346273125810786 -0.06448216227789255 -0.3137173878003737 -0.06448216227789255 -0.2775637581380077
1305031462.727652 -0.446527531961565 0.1303141158217811 1.345039846326315 -0.06140369717364491 -0.3043134856148078 -0.06140369717364491 -0.2824288804193306
1305031462.759782 -0.452309801439508 0.1135268886843728 1.343299414297931 -0.06153198486250954 -0.2903372500840573 -0.06153198486250954 -0.289168339886403
1305031462.791943 -0.4452152693255109 0.09289374542429531 1.338738246356646 -0.06674613621154585 -0.2719992587018303 -0.06674613621154585 -0.2948982380777344
1305031462.827816 -0.442451948500392 0.07959308286165358 1.336883213651549 -0.06897653824134814 -0.2616374364576924 -0.06897653824134814 -0.2968382681242986
1305031462.859782 -0.4405720340583693 0.05763110791527568 1.333054531769185 -0.0717611777096363 -0.2473223600774564 -0.0717611777096363 -0.299774314842764
1305031462.891847 -0.4356101339921075 0.04031186530123779 1.32880434420981 -0.0724031498031129 -0.237779788072345 -0.0724031498031129 -0.300099433297093
1305031462.927607 -0.4213855127925388 0.03057174508974598 1.324872710088313 -0.07387999322676081 -0.2332938213301805 -0.07387999322676081 -0.2985563358434266
1305031462.959676 -0.4116959623353142 0.02210532850160072 1.326720275571798 -0.07384535881622907 -0.2327964007395907 -0.07384535881622907 -0.2957943200260695
1305031462.99555 -0.4040017101201576 0.01151141666555497 1.326202554796688 -0.07571529362189808 -0.2304987582307491 -0.07571529362189808 -0.2967624546371658
1305031463.027667 -0.3863909063695127 0.009081733273498708 1.327325917956985 -0.08130582592315272 -0.226567647778349 -0.08130582592315272 -0.2975257144614034
1305031463.05981 -0.36780715403854 0.001857240556293032 1.328578030417933 -0.08739078502755629 -0.2193369817613879 -0.08739078502755629 -0.3019563156597227
1305031463.095809 -0.3587337547870457 -0.02570696489243317 1.324938473981909 -0.0902075911427046 -0.2057325460276877 -0.0902075911427046 -0.3132659086247971
1305031463.12755 -0.3479604828869534 -0.05030560179197718 1.318895192959402 -0.09240144710540907 -0.1927798623436161 -0.09240144710540907 -0.3230956913997274
1305031463.159787 -0.3286066873632962 -0.05557450557341316 1.319240211285329 -0.09476575040536778 -0.1834108663295103 -0.09476575040536778 -0.3266422474413523
1305031463.195657 -0.3181614768347939 -0.06295955788040082 1.323577490380119 -0.09294897963841391 -0.1747744038278809 -0.09294897963841391 -0.3309858376814595
1305031463.227784 -0.3138723932819199 -0.09171913732318492 1.320736340875718 -0.09059359693470868 -0.1671048283499053 -0.09059359693470868 -0.3391712711981314
1305031463.260034 -0.3043115462652216 -0.1063616075546611 1.314635780833266 -0.09163277791017656 -0.1652685725377429 -0.09163277791017656 -0.3452763340555961
1305031463.295737 -0.2871659457140066 -0.09289139209769712 1.320618271369526 -0.09198705358162876 -0.1636066726660949 -0.09198705358162876 -0.3434035785178479
1305031463.327739 -0.277899081671339 -0.1120803188608207 1.319634919795895 -0.09085402785685132 -0.1570149229039563 -0.09085402785685132 -0.3501149369089324
1305031463.35975 -0.2780224788792794 -0.1313094811420883 1.314149516662455 -0.08836209560190537 -0.1534882145285945 -0.08836209560190537 -0.3562853065735795
1305031463.39563 -0.2546595167483936 -0.122427094100081 1.31100975663365 -0.09591525455881399 -0.1486968646641013 -0.09591525455881399 -0.3583794028582534
1305031463.427716 -0.2415513261383476 -0.1333476573061663 1.311207650694512 -0.09993970684285482 -0.1425076183875695 -0.09993970684285482 -0.3628456474955631
1305031463.459756 -0.2335739803601641 -0.1463722287996725 1.311536375401971 -0.0982884991453986 -0.1380125520402446 -0.0982884991453986 -0.3643389720336397
1305031463.495629 -0.2184525926970034 -0.1492910856781913 1.308729760325835 -0.09829636236047845 -0.1351176637955524 -0.09829636236047845 -0.3651216721755566
1305031463.52767 -0.1482515558448935 -0.1473179125434321 1.328784467247835 -0.1220684668712545 -0.1273233868455275 -0.1220684668712545 -0.349593852633966
1305031463.559751 -0.09579357821803997 -0.1347618493152402 1.337656022865196 -0.1341266759780575 -0.1239701010645825 -0.1341266759780575 -0.339512109357214
1305031463.5956 -0.08452646984971879 -0.1347295507812411 1.340135976273293 -0.1306532987768581 -0.1279664889227067 -0.1306532987768581 -0.3397962003735263
1305031463.627588 -0.1068581739623354 -0.1621136080771088 1.321728195263697 -0.1155740754363359 -0.131296385549055 -0.1155740754363359 -0.3551670088984091
1305031463.659766 -0.08058858867095892 -0.1600599897941712 1.314653168262246 -0.1229751179884171 -0.1297739215327614 -0.1229751179884171 -0.357356647428971
1305031463.69564 -0.0698700450613892 -0.1453400913088959 1.319789920341344 -0.1181165348326139 -0.1325304339605526 -0.1181165348326139 -0.3603970582545198
1305031463.727588 -0.0373699084784286 -0.1631501130453598 1.321872725301682 -0.124505259840865 -0.1274247091035871 -0.124505259840865 -0.3650683071781181
1305031463.759674 -0.01837033965689862 -0.1824171221405819 1.313581054108792 -0.1237352294482637 -0.1235427278406786 -0.1237352294482637 -0.3733658150261769
1305031463.795647 -0.01331065387787802 -0.1655853415841202 1.32659443356539 -0.1116034409693521 -0.1237190889513121 -0.1116034409693521 -0.3748893807507918
1305031463.827761 0.01466231721569288 -0.171971417211908 1.331893624109628 -0.1125635061705057 -0.1181568554272955 -0.1125635061705057 -0.3818938600949266
1305031463.85991 0.02234789825730217 -0.1897343895462736 1.336210446469121 -0.1061448373960026 -0.114693818866274 -0.1061448373960026 -0.3898649151466279
1305031463.895648 0.03864811565383597 -0.1874038712537418 1.343276250365604 -0.1029946649409797 -0.1114057718510796 -0.1029946649409797 -0.3944544218728913
1305031463.927664 0.05847397978155622 -0.1886406064276158 1.357909145197035 -0.0976753935531789 -0.1022892322706097 -0.0976753935531789 -0.3980117241199868
1305031463.95968 0.1086681847164961 -0.1879762727629125 1.374097464310466 -0.1060899613780973 -0.08059772903157032 -0.1060899613780973 -0.3963536732440096
1305031463.995821 0.1117534137877208 -0.1929577915924635 1.382163802879243 -0.1037727147767638 -0.0779896505235968 -0.1037727147767638 -0.4016173420833493
1305031464.027703 0.1374357746501896 -0.1811580189012156 1.402236855083904 -0.1069281700161217 -0.06927063419641095 -0.1069281700161217 -0.4004260488493211
1305031464.059652 0.1551572399485704 -0.1988138724921293 1.409571721444828 -0.1086345117593323 -0.06116256640766781 -0.1086345117593323 -0.40715679374307
1305031464.095634 0.1772782929755747 -0.2010106063032339 1.421020028972287 -0.1077486080899331 -0.05235055137871106 -0.1077486080899331 -0.4105158309776105
1305031464.127681 0.1988600877209577 -0.1921901431245057 1.435758384928796 -0.1048805651951803 -0.04326868430460205 -0.1048805651951803 -0.4136716369227344
1305031464.159817 0.2037796584516496 -0.2080427245919656 1.447872578801716 -0.102447155456206 -0.04026114069883428 -0.102447155456206 -0.4198974489893118
1305031464.195585 0.1968233577487644 -0.2038579088877523 1.464030289827204 -0.1006577121171993 -0.04295567183554581 -0.1006577121171993 -0.4230437220998595
1305031464.227624 0.1880418884743745 -0.2025863747448004 1.487723930358397 -0.1012502356576145 -0.03881490804356541 -0.1012502356576145 -0.4278718681976856
1305031464.259644 0.181166319403802 -0.2201001783100466 1.50225922607444 -0.1044065977496216 -0.03428714676490881 -0.1044065977496216 -0.4384590250789176
1305031464.295667 0.09090395117794667 -0.3059322334081633 1.48617923512334 -0.08050644416534598 -0.02643804112862903 -0.08050644416534598 -0.4675024369153594
1305031464.327866 0.1162341532235066 -0.3052357314978144 1.497551365470052 -0.09615255328497878 -0.01463937494294782 -0.09615255328497878 -0.4685185481059331
1305031464.359684 0.09314073511865717 -0.3481833783152557 1.4951284185023 -0.1047481882018882 -0.01804784694082264 -0.1047481882018882 -0.4722749913560238
1305031464.395611 0.1229223018416738 -0.3197564144015267 1.509557345577132 -0.1169601543535968 -0.01821400976243633 -0.1169601543535968 -0.4700502816717306
1305031464.427634 0.1928832497845415 -0.3186739640602106 1.486270406563597 -0.1375498369098575 0.002199616791188957 -0.1375498369098575 -0.4801181337960526
1305031464.459689 0.2539808914332436 -0.2856791804606423 1.534928827592001 -0.148641157375547 0.007845827344849777 -0.148641157375547 -0.4645423346857392
1305031464.495633 0.2634383019367265 -0.2950485244755379 1.524068445724667 -0.1489610189280398 0.01305800436403617 -0.1489610189280398 -0.4731877334939281
1305031464.527574 0.283851424824596 -0.305980910939521 1.534741557041409 -0.1469580094071454 0.02001063917023 -0.1469580094071454 -0.4761658926976853
1305031464.559703 0.3245440287514461 -0.2571380748331652 1.579710182843259 -0.1541584003292825 0.03951048738653458 -0.1541584003292825 -0.4631961327328564
1305031464.595698 0.2886877339220303 -0.301411580419342 1.59599745939437 -0.1317397559586245 0.04631328098926122 -0.1317397559586245 -0.4690177611403004
1305031464.627672 0.3913886114006088 -0.2252670243312118 1.595793668965918 -0.1387380157274677 0.06514446514053432 -0.1387380157274677 -0.469764913674857
1305031464.659749 0.5178393099356033 -0.2094661798341722 1.586586514510286 -0.1535820753485665 0.07341550677223407 -0.1535820753485665 -0.4804175788293544
1305031464.695663 0.5007212440273437 -0.234314011993345 1.601342855748119 -0.1370547300290579 0.06728146474971296 -0.1370547300290579 -0.4927510919996684
1305031464.727652 0.4415029545953066 -0.2718478170258277 1.548801410215055 0.09687186354332852 -0.07447459605838039 0.09687186354332852 0.5320732081078027
1305031464.75974 0.3033074096093777 -0.274536217545702 1.563573920532596 0.04548666038952453 -0.07138726506654812 0.04548666038952453 0.5497089024276066
1305031464.796021 0.2741753127611093 -0.3195812692976004 1.554390656789413 0.02507235608472785 -0.08438169021620875 0.02507235608472785 0.5721301239097643
1305031464.827759 0.3093289094945262 -0.3587459938730333 1.545212495655283 0.0286384085369513 -0.1055979374542304 0.0286384085369513 0.5834490211735086
1305031464.859654 0.3070972815194618 -0.3695566083153335 1.550351861474368 0.02934101046549362 -0.1194054943565823 0.02934101046549362 0.5924357347848638
1305031464.895817 0.1590026329902274 -0.4639822328584505 1.550734719094689 -0.005266078548379095 -0.1266479651103717 -0.005266078548379095 0.6019757436948973
1305031464.927799 0.1784913135331324 -0.4844715990990637 1.565513827944367 0.006176270667332185 -0.1500128276746163 0.006176270667332185 0.5986411853972393
1305031464.959763 0.1383640755756425 -0.4610545767849039 1.58931762744602 -0.02113128359705124 -0.1855308728879658 -0.02113128359705124 0.5909337378225529
1305031464.995687 0.1782055000288367 -0.4092412675697366 1.602366577962656 -0.01323210487039422 -0.2042829880339287 -0.01323210487039422 0.5896059484046265
1305031465.027823 0.2097419281619439 -0.3740439073415912 1.599342314061623 -0.009739998762848505 -0.2173438031718613 -0.009739998762848505 0.5938625202358412
1305031465.059749 0.3793655213459953 -0.3289740221200528 1.652236841686651 0.01879799707236391 -0.2454026115391337 0.01879799707236391 0.5874092575873524
1305031465.0957 0.0942326681642125 -0.3758420901962937 1.644550060696686 -0.0656088429704495 -0.2620422406205963 -0.0656088429704495 0.5906091568279668
1305031465.127664 0.0867277657886211 -0.4436438890643529 1.568230023024769 -0.06559030418135263 -0.2595654658096241 -0.06559030418135263 0.6019240241495536
1305031465.159842 0.4442925411024793 -0.39580876265569 1.626594355552473 0.01860103166683149 -0.3012311825624218 0.01860103166683149 0.5819869805314604
1305031465.195564 0.4293694427398297 -0.3757012000368062 1.621512859788065 0.01519963962427432 -0.3122264938307264 0.01519963962427432 0.5643698776004179
1305031465.227907 0.4311200186743017 -0.322744774466018 1.597560272279696 0.02111666087176479 -0.3279814485221382 0.02111666087176479 0.5527583745247143
1305031465.259807 0.4202859104414682 -0.2911409915317765 1.592192139677468 0.02073888955468819 -0.3387582447087196 0.02073888955468819 0.539248758398673
1305031465.295623 0.3838275633774449 -0.2673583072901759 1.569988766238737 0.01339870107511983 -0.3472221576141683 0.01339870107511983 0.529433130428309
1305031465.327674 0.2414381101294847 -0.2107602322717164 1.581461650536524 -0.007527966253854838 -0.3389948849337421 -0.007527966253854838 0.5072621246757493
1305031465.359948 0.2807754564129546 -0.2238115575840191 1.546139953776763 0.01521799956218332 -0.3353136436170101 0.01521799956218332 0.5071501626317957
1305031465.395586 0.1757887433533184 -0.2322507783395275 1.534606488920628 0.005615918951339762 0.3281074711354377 0.005615918951339762 -0.4955811103260489
1305031465.427697 0.1554987260987035 -0.2420893892262869 1.499789012460771 0.00275933828208763 0.3301315863441985 0.00275933828208763 -0.4998210092185517
1305031465.460125 0.1791665870624408 -0.2383244126164873 1.485747237523898 -0.01314717833049261 0.3295251240681258 -0.01314717833049261 -0.4997129737489427
1305031465.495703 0.2704945904624137 -0.1569744019093195 1.514106642385975 -0.07051799270516278 0.3169202272491864 -0.07051799270516278 -0.4825374386201965
1305031465.527622 0.3207300544430757 -0.155177508984447 1.502385343595389 -0.09169029796037044 0.3195832216088901 -0.09169029796037044 -0.4813421646994814
1305031465.559812 0.3734582115283455 -0.149072814306512 1.460686509113511 -0.111017173812151 0.3236745307084984 -0.111017173812151 -0.4881314658208449
1305031465.595599 0.4163501322667701 -0.1184948932389621 1.436917305111216 -0.1353605265063292 0.3236211865962371 -0.1353605265063292 -0.4905915476276188
1305031465.627688 0.4639586470003952 -0.1159943704065267 1.423316898262891 -0.150488077613189 0.3274635652437806 -0.150488077613189 -0.4966302649945693
1305031465.66006 0.5105140115817783 -0.1197846432305785 1.398505767553078 0.1679480664888396 -0.3194108081605665 0.1679480664888396 0.5026628904186091
1305031465.695668 0.4887431431640468 -0.107722009547325 1.417111336653721 -0.1697326326772672 0.3130393837015883 -0.1697326326772672 -0.4931289585751158
1305031465.727682 0.5366893127737812 -0.06653126990179839 1.430719771225376 -0.1941295148070235 0.3059434480182766 -0.1941295148070235 -0.4811402430130583
1305031465.759766 0.5801198463915405 -0.06824921437694977 1.394598238353856 -0.2077176126969501 0.3080009664650308 -0.2077176126969501 -0.4931061009383773
1305031465.795937 0.5985973402152388 -0.06050027667932245 1.406750258370235 -0.2116275909341793 0.3066179127587225 -0.2116275909341793 -0.488563966907558
1305031465.827996 0.6484866745088447 -0.06285491896242185 1.38221045120649 -0.2243628295803623 0.3030877197364533 -0.2243628295803623 -0.4949636435685161
1305031465.859861 0.6503050246108459 -0.04899455487883997 1.360760278997297 0.2282996490609686 -0.2983347775878273 0.2282996490609686 0.5023148023759563
1305031465.895494 0.6764243970218377 -0.02202152896368798 1.37900209090474 -0.2385716178994024 0.290992960842253 -0.2385716178994024 -0.4963638120289035
1305031465.927495 0.6764243970218377 -0.02202152896368798 1.37900209090474 -0.2385716178994024 0.290992960842253 -0.2385716178994024 -0.4963638120289035
1305031465.95971 0.6884466002840988 0.08270114815116711 1.38434966032987 -0.2566031098157783 0.2814573041449155 -0.2566031098157783 -0.4811132573360581
1305031465.995753 0.6984482354799 0.07402340956087002 1.361376398080347 -0.2475458088145032 0.2766427108443612 -0.2475458088145032 -0.4971653530300923
1305031466.027644 0.7368547376326318 0.05247376768365013 1.354376288548468 0.2396221400915897 -0.2744586669315587 0.2396221400915897 0.5072665891342775
1305031466.059757 0.7740303343545079 0.05389979988207161 1.34169959509628 0.2408362963567388 -0.2741429454409594 0.2408362963567388 0.5105497406075155
1305031466.09584 0.807525699052099 -0.001136417390345167 1.329236974062638 0.2290502108665926 -0.2734742832690693 0.2290502108665926 0.5163860964902443
1305031466.12764 0.8452779042186841 -0.01661723199277513 1.322898895487331 0.2302197507464826 -0.2729981118644824 0.2302197507464826 0.5117417087906387
1305031466.160428 0.8668319863095044 -0.0292034786746266 1.311059487902947 0.2295237438921766 -0.2776648085747347 0.2295237438921766 0.5084992222191069
1305031466.195833 0.8760207281179101 -0.03540500117139832 1.292682426314419 0.2316108275256638 -0.2791266379163598 0.2316108275256638 0.5047818403738723
1305031466.227951 0.8965586178116096 -0.03944265399074095 1.287032592999042 -0.2372250769203048 0.2839002271849695 -0.2372250769203048 -0.4955135110894902
1305031466.259815 0.9277131316474729 -0.04533532595413069 1.268642690734575 -0.2398984028692138 0.3011661757250773 -0.2398984028692138 -0.4910583480271445
1305031466.295737 0.9119155637080569 -0.04668828019954016 1.288502628104801 -0.2193796001809767 0.3157198077663104 -0.2193796001809767 -0.4873071303526751
1305031466.327702 0.9638895930071494 0.1572530639196884 1.391787958061857 -0.2800451677809672 0.2907706702981747 -0.2800451677809672 -0.4067957186780896
1305031466.359829 1.011046505160626 0.1346147168766773 1.384929092868897 -0.2696387033390276 0.2939677816163738 -0.2696387033390276 -0.4157099792232584
1305031466.395784 1.054795329269958 0.1070410310600185 1.38299445270467 -0.2561282298779378 0.2978096826183358 -0.2561282298779378 -0.4209071709752964
1305031466.427819 1.025377730154219 0.1011336203435424 1.380380963674689 -0.2408847931408784 0.2964362470289285 -0.2408847931408784 -0.4259666628735422
1305031466.45979 0.9964745170405689 0.03355249650720091 1.315073358516418 -0.2260525159055568 0.2950811110476738 -0.2260525159055568 -0.4629972503961204
1305031466.495809 1.058795312891724 0.003488534131622086 1.290201232676313 -0.2333566523618811 0.3015671833094733 -0.2333566523618811 -0.472432634088665
1305031466.527538 1.085209472569958 -0.01442357878035987 1.288437958903891 -0.231949893298013 0.3042014252162223 -0.231949893298013 -0.471436963536212
1305031466.560353 1.099581057560848 0.067032714293576 1.340111999548025 -0.2449942912165221 0.299193383567658 -0.2449942912165221 -0.4396048651444598
1305031466.595936 1.122944437172516 0.07975304027231593 1.345983810344733 -0.2459255291316132 0.2958315184307896 -0.2459255291316132 -0.4338024890224502
1305031466.627549 1.150682494206865 0.05678820176501073 1.33315436847041 -0.2378375312625765 0.3001043515972273 -0.2378375312625765 -0.435497974157233
1305031466.659688 1.160495324769347 0.06482985879954845 1.315391375108097 -0.2335288484064265 0.2964764606806222 -0.2335288484064265 -0.434408670265013
1305031466.695822 1.136141076871258 0.1587116016555123 1.345018208844526 -0.2424320219005138 0.2940396772706027 -0.2424320219005138 -0.4100448922026382
1305031466.728074 1.201500996992098 0.1298306847285148 1.322198234539142 -0.2420712606404367 0.3037705191213845 -0.2420712606404367 -0.4240487794440433
1305031466.759637 1.211778610040604 0.1079553510915346 1.313679332677782 -0.2337847701416515 0.3094732465636924 -0.2337847701416515 -0.4260002391558475
1305031466.795604 1.201594999019638 0.1449644228019759 1.302800219430778 -0.232646941648271 0.3166479657346739 -0.232646941648271 -0.4257144662657694
1305031466.827879 1.192866645358211 0.1649203776984992 1.315647971290453 -0.2339218197505895 0.3156196509471621 -0.2339218197505895 -0.4199260657572571
1305031466.859665 1.237038981931484 0.1145085200296075 1.289772342645297 -0.233360921690533 0.3171131349080962 -0.233360921690533 -0.4353420687316771
1305031466.895694 1.200259328063735 0.1059695158212719 1.30384728887543 -0.2214861789387663 0.3163654374355228 -0.2214861789387663 -0.4317266381930755
1305031466.927756 1.168115048665941 0.1294782024662716 1.331025738667734 -0.2201550062892972 0.3214546540503534 -0.2201550062892972 -0.4195037296459284
1305031466.959728 1.20552144351501 0.08531115404832042 1.302578545012929 -0.2279352461331901 0.3275430971894617 -0.2279352461331901 -0.436520335542976
1305031466.995712 1.236358083936019 0.1638036966068601 1.3230563593833 -0.2524044146423419 0.3408660187965099 -0.2524044146423419 -0.4117409118791523
1305031467.027843 1.275012137377255 0.2056616905083746 1.323246444537709 -0.2701576758418427 0.3453862695879648 -0.2701576758418427 -0.4008125438971896
1305031467.0597 1.299315212856792 0.2144656098491301 1.320425583278826 -0.2746792461051316 0.3509145187725027 -0.2746792461051316 -0.4007499899449075
1305031467.095687 1.319612514359609 0.227238566949839 1.32180880691108 -0.2770949236738002 0.355977884618673 -0.2770949236738002 -0.3989543247279587
1305031467.128974 1.35797019035009 0.2317105573973939 1.313899623280306 -0.2814028450670855 0.3604813410953696 -0.2814028450670855 -0.3991904750653313
1305031467.15966 1.370855925155969 0.2484396627779491 1.31017997687163 -0.2817117296868896 0.3713536932193494 -0.2817117296868896 -0.3986877323172025
1305031467.195663 1.368042953559891 0.2440255326533967 1.312164562420075 -0.2753559244403859 0.3785133334737219 -0.2753559244403859 -0.4029373614312388
1305031467.227704 1.376251121695916 0.2502393461868692 1.312188403781106 -0.2761662559376771 0.3841035612465159 -0.2761662559376771 -0.4032853693111492
1305031467.259694 1.383825861586088 0.2250192530573535 1.302416145330386 -0.2716453788264742 0.3898610608160945 -0.2716453788264742 -0.4137828405584554
1305031467.295846 1.388538186405483 0.2444751846219815 1.309697565824224 -0.2756824134358173 0.3961767378803035 -0.2756824134358173 -0.4086944348611837
1305031467.328008 1.404105993462501 0.2423902031193199 1.305774769504844 -0.2777952232072247 0.4026752888626237 -0.2777952232072247 -0.4123640352571514
1305031467.359654 1.423156964960971 0.2571454869441481 1.304578750936257 -0.2844977278450805 0.4091770606177317 -0.2844977278450805 -0.410093411640767
1305031467.395756 1.446738110222944 0.2455880367285552 1.295724946999579 -0.2872342059310171 0.4122560349276596 -0.2872342059310171 -0.4119496614374271
1305031467.427783 1.467974925183678 0.2556855696942235 1.293113450982697 -0.2923160814290234 0.4203834069696369 -0.2923160814290234 -0.40511081623349
1305031467.459692 1.440572255271618 0.2685798688699255 1.320229660654433 -0.285730805768949 0.4279817162652878 -0.285730805768949 -0.3942758889592787
1305031467.496058 1.4429649378447 0.2643387350296548 1.32785470663325 -0.283661643609552 0.4308474629785261 -0.283661643609552 -0.3929604457557221
1305031467.527663 1.502824019692325 0.2749120475462 1.310293828516325 -0.2987780899107113 0.4368928570900606 -0.2987780899107113 -0.3898209818550942
1305031467.559763 1.536477410662345 0.3028785994686523 1.306928098276015 -0.3059601394289963 0.4448168785911298 -0.3059601394289963 -0.3809083761240012
1305031467.595989 1.501051794522071 0.3305711827702847 1.326650650535837 -0.29959133719916 0.4515624084291713 -0.29959133719916 -0.3716801891150626
1305031467.627532 1.509539801112337 0.3205080526838968 1.324985245854087 -0.2973751465079548 0.4493792513665655 -0.2973751465079548 -0.375086002676944
1305031467.659626 1.507610631224316 0.3451956269503211 1.33713540076675 -0.3003099952059931 0.4531485253686858 -0.3003099952059931 -0.3689741558780049
1305031467.695886 1.48614585226155 0.3572558605852154 1.377766523534661 -0.2967064234874028 0.4547040719682658 -0.2967064234874028 -0.3633155018360098
1305031467.727535 1.521550434306159 0.3828190033794517 1.374739928239642 -0.3077276282310991 0.4577620296623057 -0.3077276282310991 -0.3622925301790367
1305031467.759907 1.524768770851819 0.4188632096329891 1.402258961250279 -0.3092953514618066 0.4652271820589661 -0.3092953514618066 -0.3545621419826626
1305031467.796075 1.493097850718505 0.4197558788647404 1.42405420970251 -0.3002697491442929 0.467995887970209 -0.3002697491442929 -0.3571073405297817
1305031467.8278 1.517640870711312 0.4211349779054365 1.407886928229208 -0.3056536949756823 0.4688616595428525 -0.3056536949756823 -0.3663536451873011
1305031467.859729 1.494183432353286 0.4387838794567442 1.44095548397446 -0.3012338101210813 0.4719810531948843 -0.3012338101210813 -0.361403898210934
1305031467.895947 1.461071994841626 0.4324110547914278 1.461844465294813 -0.294431936046084 0.4708444461647213 -0.294431936046084 -0.3656567155781425
1305031467.927754 1.474005764283344 0.4417316753958728 1.457339296887707 -0.3040497203895271 0.4733861700009557 -0.3040497203895271 -0.368993321612824
1305031467.959826 1.486299147630322 0.4809067068621954 1.452551629139677 -0.3180821347343832 0.4787414267905221 -0.3180821347343832 -0.3645675034172709
1305031467.995754 1.450309765951047 0.5113805939714637 1.474876428087192 -0.3179218800184665 0.483802285379052 -0.3179218800184665 -0.3591003831083846
1305031468.028107 1.4737410604656 0.5466180028981886 1.471703815861602 -0.3261404965704064 0.4893582619574633 -0.3261404965704064 -0.358952779021853
1305031468.05985 1.544926215409759 0.6131924233019717 1.453401845492244 -0.3461212987865542 0.4952747353806103 -0.3461212987865542 -0.3523973801302522
1305031468.095867 1.490538686476034 0.6255233585539718 1.469919488658835 -0.3380371554944765 0.4994363633648409 -0.3380371554944765 -0.3501195592734655
1305031468.127816 1.49812613359409 0.6315877833101283 1.464944810858773 -0.3402622689716961 0.5028783084823509 -0.3402622689716961 -0.3552612882822006
1305031468.159864 1.533424704341668 0.6565834934892434 1.438307068198366 -0.3516396818823727 0.5042104917128442 -0.3516396818823727 -0.3581215113693096
1305031468.195985 1.510525774963246 0.6526400844775524 1.433070634130201 -0.3469885156921497 0.5022154566896989 -0.3469885156921497 -0.3650612125428121
1305031468.228158 1.525697330893613 0.6757494523856417 1.429180034843335 -0.3494586740706301 0.50948599628665 -0.3494586740706301 -0.3652080909583731
1305031468.259754 1.501142370885926 0.6886386295877034 1.444385081861843 -0.3424941232602344 0.5102442025171997 -0.3424941232602344 -0.3631461268634372
1305031468.29583 1.486394790233657 0.717271276384939 1.449282646746432 -0.3401386005212584 0.5118906841628027 -0.3401386005212584 -0.3621503866343582
1305031468.327847 1.480612171112196 0.7640884912029517 1.464578387253213 -0.3419466360076951 0.5138391314649279 -0.3419466360076951 -0.353617984858682
1305031468.359787 1.448131464904071 0.7794355809958523 1.46546999648764 -0.3381401418015099 0.510616962240978 -0.3381401418015099 -0.3560838595914327
1305031468.39586 1.432123282876325 0.7951000268659693 1.467400249046822 -0.3377459188108005 0.5036692268309534 -0.3377459188108005 -0.3592225798765677
1305031468.428025 1.477304967387481 0.8074982564222859 1.473779785969816 -0.3416038679854713 0.499304758635967 -0.3416038679854713 -0.3597438226286045
1305031468.459759 1.463423291363332 0.8117252090391204 1.479974856811752 -0.3383948973578759 0.498762414465527 -0.3383948973578759 -0.3577802868939066
1305031468.495809 1.428570674468011 0.8223510628003668 1.493451976200578 -0.3334235602666775 0.5003440842298792 -0.3334235602666775 -0.3561125764971966
1305031468.527756 1.447870382157194 0.842126747203403 1.502709772175955 -0.3359321889599421 0.4994087192181688 -0.3359321889599421 -0.3527296516247777
1305031468.559739 1.431581033692355 0.8486508829888563 1.51135865990267 -0.3309610049193857 0.5018242425767377 -0.3309610049193857 -0.3547974440284723
1305031468.595768 1.341589661956625 0.8446792437881188 1.562013355802953 -0.3083540725384185 0.5192870958053863 -0.3083540725384185 -0.3563859359067707
1305031468.627626 1.360318066441276 0.8247637237865642 1.553985558413141 -0.3069427268650899 0.5194382206166812 -0.3069427268650899 -0.3708759799429205
1305031468.659579 1.44366433618228 0.6594569163646713 1.467395586145975 -0.2959395938301391 0.49530538976787 -0.2959395938301391 -0.4290497825683782
1305031468.695835 1.407244809696074 0.6554237496996251 1.481793456880988 -0.2907055415830552 0.501852938934194 -0.2907055415830552 -0.4286963539295732
1305031468.727785 1.301645938689782 0.7690027509382736 1.582770082314254 -0.2864701540391508 0.5465815857711463 -0.2864701540391508 -0.3901379006840358
1305031468.759628 1.312094892160992 0.7890947333087949 1.570173219412638 -0.3026178823245004 0.5449342595971943 -0.3026178823245004 -0.3921402873727873
1305031468.795796 1.311000421566084 0.7651955735470379 1.604747458386012 -0.2963824101414227 0.5483385532631516 -0.2963824101414227 -0.3947869277085946
1305031468.829247 1.318659982271047 0.7483697471266757 1.598654493598479 -0.2979424850513852 0.5471531841716764 -0.2979424850513852 -0.405269657819631
1305031468.859659 1.309642897442793 0.7220378712446948 1.604718724865806 -0.2926991326129582 0.5496579721293507 -0.2926991326129582 -0.4191090550194629
1305031468.895873 1.350625211306103 0.7044247658774405 1.631257977723195 -0.2882340843615821 0.5517984684790233 -0.2882340843615821 -0.4269171000286082
1305031468.928141 1.36959510043004 0.7189105804090514 1.636769114381921 -0.288426676721571 0.550117277282222 -0.288426676721571 -0.4264842118415014
1305031468.959594 1.356274980070786 0.7341564616087199 1.649817940120379 -0.2843016303302709 0.5486778383700391 -0.2843016303302709 -0.4222573965283182
1305031468.995711 1.358612586299328 0.7373141668047212 1.668397178409648 -0.2780536130311403 0.5462293327040753 -0.2780536130311403 -0.417340866998984
1305031469.027699 1.444932849104695 0.6892810611148212 1.676976442179266 -0.2675401924342872 0.5476740352757865 -0.2675401924342872 -0.419620096401889
1305031469.059832 1.43264569688084 0.6994424090712857 1.681096229436063 -0.2591058797998697 0.5538611615535431 -0.2591058797998697 -0.4024804369043299
1305031469.095723 1.390499430324392 0.6872632695953483 1.680318379542637 -0.2424436030018938 0.5597386415652879 -0.2424436030018938 -0.3935847603460366
1305031469.127679 1.38314662040906 0.7042587406913962 1.6813327188408 -0.2357101294414752 0.5703608492024606 -0.2357101294414752 -0.3827451805380955
1305031469.159703 1.509531657847109 0.7938693409592725 1.568764647636879 -0.2879907376329139 0.5491258943341324 -0.2879907376329139 -0.3775293965002397
1305031469.19554 1.492306478882996 0.788586212341409 1.575042426109694 -0.2688272856369894 0.5556204655740529 -0.2688272856369894 -0.3751724429688884
1305031469.227754 1.465337143141926 0.7984217094200927 1.570919499720543 -0.2566780381108907 0.5566099427674093 -0.2566780381108907 -0.3719092708234925
1305031469.259586 1.440499176118012 0.8047953032964211 1.572612169298965 -0.2461670191076819 0.5627699714359055 -0.2461670191076819 -0.3686681135103354
1305031469.296754 1.429433543838626 0.8118324909061903 1.565985342645383 -0.2414498624162866 0.5656848519311944 -0.2414498624162866 -0.3651253007721353
1305031469.327618 1.427121048004241 0.8202240636673385 1.563269108595846 -0.2363928899756696 0.5668629906249614 -0.2363928899756696 -0.3625430394071594
1305031469.359592 1.419885577544721 0.8297447896111594 1.556519890062886 -0.2332124763106286 0.5678672548165831 -0.2332124763106286 -0.3575454922731485
1305031469.395695 1.424629317619122 0.8362621698865298 1.533532904988334 -0.2292133612268924 0.5698594670733689 -0.2292133612268924 -0.3591879080064353
1305031469.427651 1.410419455674903 0.804463838377195 1.523808267835576 -0.2047391012429716 0.5714810140333911 -0.2047391012429716 -0.3748681769048326
1305031469.459668 1.399162340082816 0.8414331393540116 1.519173462280091 -0.1999100909230066 0.5770347616637861 -0.1999100909230066 -0.370342547930772
1305031469.495744 1.395684962666076 0.8404700693593185 1.511448194438865 -0.1884589141857349 0.5772527086305556 -0.1884589141857349 -0.3737171645857242
1305031469.527622 1.379631244777695 0.8351344583482826 1.498438186521526 -0.1792280330410514 0.5773082398475613 -0.1792280330410514 -0.376298175637638
1305031469.559645 1.358476465438701 0.8490284967250898 1.495951919124502 -0.1778447720510046 0.5801955746586597 -0.1778447720510046 -0.3644243341621867
1305031469.595755 1.367128686929826 0.8572861359913934 1.476533051031262 -0.1813957580618633 0.5812964821669829 -0.1813957580618633 -0.3604145176721349
1305031469.627752 1.363044703567632 0.8630230670348729 1.467198184097679 -0.1799135513002334 0.5826890331668119 -0.1799135513002334 -0.3509326196221538
1305031469.65959 1.366121191290039 0.8597557130724162 1.442842653140269 -0.1776604982087869 0.5820057576865807 -0.1776604982087869 -0.3487872738507313
1305031469.695613 1.369009634321882 0.8590107135490148 1.421631174397841 -0.1748406871301724 0.5807263955879497 -0.1748406871301724 -0.3494128282159142
1305031469.727679 1.355277333436546 0.8578652355163158 1.410112636988278 -0.1678667393518033 0.5800710800090463 -0.1678667393518033 -0.3445972331907585
1305031469.759599 1.353527387192131 0.8608240150459826 1.393797413628911 -0.164668426997627 0.5785399441317427 -0.164668426997627 -0.3411913773577542
1305031469.795621 1.344658405032006 0.8795397390221299 1.374336866654796 -0.1675663941104329 0.5785321325279947 -0.1675663941104329 -0.3303442544174895
1305031469.827526 1.314251764700601 0.8786123373526741 1.375547571324159 -0.1557290489499952 0.5808823178107111 -0.1557290489499952 -0.3137283560606147
1305031469.859574 1.297805949446002 0.87239722882772 1.363539827547597 -0.1522040385641703 0.5812929460080787 -0.1522040385641703 -0.304627743279872
1305031469.895755 1.283767435669017 0.8438881904721204 1.359350284354716 -0.1372725581922092 0.5817166685216338 -0.1372725581922092 -0.3027394291486611
1305031469.927854 1.27443804810326 0.8619962315705227 1.342337710419747 -0.1465794567205585 0.5855988758337995 -0.1465794567205585 -0.2863556266482444
1305031469.959805 1.264182548777611 0.8552822497894099 1.331296118540014 -0.1463335885762664 0.5849475682476791 -0.1463335885762664 -0.2772722300721228
1305031469.995551 1.256899658264791 0.8323685328355033 1.31935721553106 -0.1422652977737772 0.5837864888122681 -0.1422652977737772 -0.2790473227254728
1305031470.027694 1.248796217735868 0.8279113037051237 1.307490312112975 -0.1444829649491503 0.5858362925951075 -0.1444829649491503 -0.2724518774010509
1305031470.059638 1.23118571389234 0.791774889972042 1.305066748197341 -0.1275746980462802 0.586543676118032 -0.1275746980462802 -0.2742621652226554
1305031470.095944 1.225787477626756 0.7824964666985399 1.294304196700449 -0.1277700734254238 0.5884331725569101 -0.1277700734254238 -0.2696141699882712
1305031470.127633 1.23772346152445 0.8140521999228946 1.273614041762792 -0.155672622211544 0.5931233659742755 -0.155672622211544 -0.2534849939288552
1305031470.159626 1.232065160416016 0.796306987126131 1.264730117000245 -0.152395450047481 0.59218762633584 -0.152395450047481 -0.2498542882341201
1305031470.196092 1.229437579360454 0.7744162643952488 1.253783605365591 -0.1517480773724641 0.5864749007877502 -0.1517480773724641 -0.249028870781706
1305031470.227618 1.23897248084465 0.7606382580894382 1.234161076900644 -0.1609829604001548 0.5835700358338194 -0.1609829604001548 -0.2548987261809693
1305031470.259965 1.233290639177125 0.7397770795116502 1.230260054426929 -0.1572815668561857 0.5829803103349633 -0.1572815668561857 -0.2505278796286401
1305031470.295718 1.228956117557607 0.7246672372473775 1.226338830615469 -0.1543018651007735 0.5772855482339176 -0.1543018651007735 -0.2443612469526523
1305031470.327644 1.227942077316832 0.7072780320631927 1.219884829512736 -0.1529482720822513 0.5733469151001619 -0.1529482720822513 -0.2387170445096891
1305031470.359624 1.22269919907061 0.683504303358908 1.21500392773361 -0.1484711198419168 0.5676506626828958 -0.1484711198419168 -0.2315249609419907
1305031470.395823 1.21678580308312 0.6617261614015673 1.20929617655888 -0.1452759199959077 0.5648220950284516 -0.1452759199959077 -0.2280234862885255
1305031470.427641 1.211176573147115 0.6382119053672554 1.203524007256543 -0.1431803280775341 0.5596670397046963 -0.1431803280775341 -0.2259071234170121
1305031470.459721 1.206371690667736 0.6172569813706089 1.196770323158107 -0.1427512811541246 0.5523264600033313 -0.1427512811541246 -0.2263009195222714
1305031470.495686 1.200305857670608 0.5961021983570607 1.190514478260666 -0.1421361827667449 0.5511347549259318 -0.1421361827667449 -0.2304873886420427
1305031470.527689 1.199378074745477 0.5770980032015588 1.180986280044585 -0.1452341812400761 0.5488094362720874 -0.1452341812400761 -0.2379375022101604
1305031470.559677 1.201939159028306 0.5694642017428965 1.174522703272449 -0.1518233336990786 0.5517292984912343 -0.1518233336990786 -0.2389867958447671
1305031470.59576 1.196345562516737 0.5588929850817879 1.172810797034934 -0.1515334222199647 0.5515686237914689 -0.1515334222199647 -0.2361231846800035
1305031470.627729 1.189894985902371 0.5498206966025332 1.169915256244304 -0.1528717732719827 0.5489606009004204 -0.1528717732719827 -0.2333096151133848
1305031470.65969 1.183417618666642 0.5442952891122913 1.170693152891668 -0.1523184251762194 0.546665296561372 -0.1523184251762194 -0.2263546167083569
1305031470.69563 1.178250176256463 0.5320664005498158 1.166579535197537 -0.153216272877497 0.5426083227668352 -0.153216272877497 -0.2259507044676327
1305031470.727654 1.168509112930584 0.5179841455117038 1.166773086532086 -0.1492525546277774 0.5401247250103004 -0.1492525546277774 -0.2227379803681757
1305031470.759682 1.156774564668541 0.5064127526525957 1.164878452022453 -0.147071391503345 0.5379352400681224 -0.147071391503345 -0.2216318119799317
1305031470.795615 1.162180481599776 0.5055957904097028 1.15848568206388 -0.1559328364824037 0.5358481305972774 -0.1559328364824037 -0.2228528687780904
1305031470.827831 1.158468814534573 0.498355060554353 1.157687325302511 -0.1531433175583372 0.5315872231377915 -0.1531433175583372 -0.2211032722439219
1305031470.859645 1.136748131380214 0.4857628604668319 1.161464577426739 -0.1435402533846504 0.5263876629378026 -0.1435402533846504 -0.2195245752344346
1305031470.895722 1.129785947649547 0.4652072115669072 1.159716345086873 -0.1420385463005069 0.5126731302684692 -0.1420385463005069 -0.228398775901192
1305031470.927684 1.114907725603545 0.4518145744726662 1.163218867273869 -0.1404647008608741 0.5050308839780776 -0.1404647008608741 -0.2302442604872185
1305031470.959647 1.111218058264451 0.4331137654624366 1.160321740351776 -0.1421554660794418 0.5003501403702982 -0.1421554660794418 -0.2415216982079101
1305031470.995996 1.08879130108698 0.4332203679643487 1.170994327447038 -0.1425804371784055 0.4976264694082612 -0.1425804371784055 -0.235694686438697
1305031471.027644 1.090404503893126 0.4381372837695585 1.175170073139428 -0.1524671364441044 0.4993398852040077 -0.1524671364441044 -0.2375869317462282
1305031471.059636 1.086955938391769 0.4358897932686256 1.178191028206713 -0.1579063193939686 0.4965692194375597 -0.1579063193939686 -0.2445204561192999
1305031471.095777 1.079560106842764 0.4298530122749652 1.182997606327026 -0.1593909913586458 0.4922646622386438 -0.1593909913586458 -0.2518634671715333
1305031471.127663 1.07762125368501 0.4167729152579865 1.184003752785075 -0.1623628591889862 0.4875329636118719 -0.1623628591889862 -0.2611843806962929
1305031471.159649 1.074109275418035 0.4132357759114451 1.189496541834432 -0.1676506394602059 0.4822215095395643 -0.1676506394602059 -0.2638745116011972
1305031471.195703 1.071836136654139 0.4128050279353651 1.194336488877798 -0.1737868879368223 0.4759469518395034 -0.1737868879368223 -0.2661323874193854
1305031471.227569 1.069587212550025 0.422535020026724 1.2028232338684 -0.1798173607276806 0.4730362041967196 -0.1798173607276806 -0.2580774361252786
1305031471.259722 1.068125545908399 0.4246907910298744 1.207980878711814 -0.1798178718129214 0.4694285884265029 -0.1798178718129214 -0.2545295688246757
1305031471.296068 1.064095798007731 0.4221502179297234 1.209622017732994 -0.1803919913136348 0.4663057503968911 -0.1803919913136348 -0.2536794730630786
1305031471.327642 1.058392910457611 0.4150040975649387 1.210193608458645 -0.177611506482421 0.4619101301295898 -0.177611506482421 -0.257678021970009
1305031471.359615 1.052359718798918 0.4078371774345146 1.211501214227295 -0.1734280193757517 0.4571635444324191 -0.1734280193757517 -0.264807657357895
1305031471.39573 1.060552874370893 0.4160061254369014 1.214035717083014 -0.1780434682870236 0.4548812552104535 -0.1780434682870236 -0.2627510063090663
1305031471.427704 1.048142180764387 0.4063039464116557 1.217470629638701 -0.1675065878313823 0.4475437893461823 -0.1675065878313823 -0.2662128323936111
1305031471.459647 1.043993886545201 0.3964305605553585 1.217331189023107 -0.1687481444091811 0.4395277097123348 -0.1687481444091811 -0.2733922957130697
1305031471.496491 1.044218864006248 0.3974720035752149 1.222629257057633 -0.1744009978302216 0.4363209692231177 -0.1744009978302216 -0.2690973007366336
1305031471.527624 1.05353902813004 0.3804442854112726 1.211891513008253 -0.1781445169099579 0.4319217901258399 -0.1781445169099579 -0.2831002159488828
1305031471.559671 1.037247512618609 0.3858832065341485 1.22508281747193 -0.172742988906286 0.4256700127614728 -0.172742988906286 -0.2707171638745263
1305031471.595702 1.043782996616576 0.3789676359633422 1.221573928699087 -0.1753731727654313 0.4237052899332112 -0.1753731727654313 -0.2765431558013284
1305031471.627621 1.037151516763368 0.3723427275992703 1.224768333511517 -0.1679282329644115 0.419811896434294 -0.1679282329644115 -0.2784065620043081
1305031471.659642 1.031249300011295 0.3762871841518816 1.232839940396297 -0.1633398939021106 0.4174419959098412 -0.1633398939021106 -0.2729072779968503
1305031471.695609 1.023866806394321 0.3770653620440702 1.239764110197065 -0.1573501901853904 0.4124657663782397 -0.1573501901853904 -0.2705830024998314
1305031471.727501 1.022537136495798 0.3722377082445787 1.243094539967469 -0.1546877116000946 0.4073385247938704 -0.1546877116000946 -0.2732441966302492
1305031471.759702 1.041132358498026 0.3553286401299202 1.231300368022665 -0.1596673327262289 0.4037242472015101 -0.1596673327262289 -0.2900533864568298
1305031471.795801 1.040658398269677 0.3510597733201308 1.230967450127019 -0.1563917670997667 0.3968863971423355 -0.1563917670997667 -0.2919084283133853
1305031471.827639 1.032061755844932 0.3650887481916322 1.245379553955106 -0.152292856091217 0.3897379429973956 -0.152292856091217 -0.2768941188964378
1305031471.859665 1.05707330264107 0.344183719928383 1.226677769117086 -0.1608363946281474 0.3812456406508697 -0.1608363946281474 -0.295419551038183
1305031471.895604 1.053920634641252 0.3397353959782357 1.225637571939991 -0.1568000235184088 0.3749746723466405 -0.1568000235184088 -0.2933123348655391
1305031471.927651 1.053378035345104 0.3462797820527304 1.230372510975271 -0.156744540017584 0.3693231046369886 -0.156744540017584 -0.2825528966684882
1305031471.959643 1.077738585795478 0.3356716376342275 1.211672707940701 -0.1664084239512995 0.3660494817062043 -0.1664084239512995 -0.2936264930053757
1305031471.995573 1.053081874713066 0.3163571150605593 1.210877306322355 -0.1399011365542382 0.36152494400457 -0.1399011365542382 -0.3022404002012741
1305031472.027638 1.055042158313006 0.3177876629460267 1.212411451585405 -0.1380406811665153 0.3577359028965388 -0.1380406811665153 -0.2996447646781742
1305031472.059668 1.067734909474252 0.3346196983467208 1.216961983168047 -0.1464815228306696 0.3590804687715263 -0.1464815228306696 -0.2829403029204385
1305031472.095601 1.049032904297874 0.3093198437279317 1.207871181410592 -0.1278533318485806 0.3495412934135002 -0.1278533318485806 -0.2937198846943308
1305031472.127594 1.040232062340594 0.2946375313444031 1.203415660676993 -0.1190151920594501 0.3397317545409264 -0.1190151920594501 -0.3005181947831853
1305031472.159645 1.0481392040736 0.3114975798966352 1.215950824939854 -0.1290853241938903 0.3376153096510549 -0.1290853241938903 -0.2784654658374787
1305031472.195682 1.037547340971035 0.2816334868395046 1.197776653274074 -0.117918551959288 0.3304353964940355 -0.117918551959288 -0.2973861614128812
1305031472.227626 1.014140400483 0.2586949678004325 1.188114397043503 -0.1017779034401897 0.3194573468816044 -0.1017779034401897 -0.3136256777960642
1305031472.26384 1.01401173284895 0.2547593484932329 1.188417225871692 -0.1030642049580597 0.3167927817496391 -0.1030642049580597 -0.3161377204984827
1305031472.295671 1.013445631277444 0.2549921782609995 1.187343181808832 -0.1048474460704037 0.3161347920612618 -0.1048474460704037 -0.3195751060615931
1305031472.327678 1.00269915248312 0.2521680767383732 1.188247746496466 -0.1001891138694641 0.3088344433378709 -0.1001891138694641 -0.3257375205541048
1305031472.363577 1.004986107494465 0.2477147571553131 1.188963584132849 -0.099107812078484 0.31268771976582 -0.099107812078484 -0.332432920961619
1305031472.395599 1.008161215627819 0.2497973641385658 1.192962340498784 -0.1029048676986846 0.3126985424750794 -0.1029048676986846 -0.3294725936682359
1305031472.427686 1.000314204720382 0.2368186350524974 1.186891524367891 -0.09723802556718029 0.3115283389847135 -0.09723802556718029 -0.3387075739936088
1305031472.463603 0.9945298019052964 0.2349860525248429 1.188080661896988 -0.09704405110529273 0.3123533294974186 -0.09704405110529273 -0.3403083614447101
1305031472.495626 0.9946665944941435 0.2417661360582197 1.194395327500537 -0.1000707748160279 0.3162088761518818 -0.1000707748160279 -0.3351631269882515
1305031472.527625 1.003782343900468 0.2557178842906919 1.202462409190737 -0.1073715100987758 0.3179565424397556 -0.1073715100987758 -0.3279814375328034
1305031472.563587 1.000215156042953 0.2552867446464079 1.203735456268003 -0.1033611483453942 0.3153595659057971 -0.1033611483453942 -0.3298516234412046
1305031472.595675 0.992402666732912 0.2514606484593532 1.205253862755203 -0.1003997493272616 0.3109762440569427 -0.1003997493272616 -0.3368425011256038
1305031472.627701 1.004028611825466 0.2583417415307213 1.209895891735727 -0.1095799874704712 0.3165526016448091 -0.1095799874704712 -0.3364609835798359
1305031472.663575 1.007874903178023 0.2637590209289132 1.213143953692155 -0.1142294692189104 0.3164415069039419 -0.1142294692189104 -0.3339674265985052
1305031472.695755 1.007517664676747 0.2681240991656663 1.214978755389206 -0.1153683012318324 0.3178170551465143 -0.1153683012318324 -0.3335160760668645
1305031472.727628 1.007264949663111 0.2717027107856477 1.217556522292687 -0.1172461412468089 0.3176283334132182 -0.1172461412468089 -0.3341087215963793
1305031472.763578 1.005389480246114 0.2729618689178479 1.218170283696737 -0.1174341875429283 0.3162919585430051 -0.1174341875429283 -0.3379214666467414
1305031472.79564 1.007825513874235 0.276508392574118 1.220087369812719 -0.1189367319574971 0.3180655307402439 -0.1189367319574971 -0.3388718032725064
1305031472.827627 1.009586383826284 0.2857915650296347 1.222224883794357 -0.1227267693545159 0.3197974986632922 -0.1227267693545159 -0.3390049130979802
1305031472.863598 1.004506318518616 0.2847091486827498 1.221733747853496 -0.1199671150011089 0.3172125203329675 -0.1199671150011089 -0.3444981014495854
1305031472.895713 1.002501691883343 0.2812764681107998 1.220948564485891 -0.1187948319255664 0.3154828830126766 -0.1187948319255664 -0.3486884213853855
1305031472.927685 1.005668756255866 0.2867762103366773 1.222353141793839 -0.1251772923065299 0.3135637647734164 -0.1251772923065299 -0.3459280183383369
1305031472.963756 1.021036619576868 0.2831420641124203 1.211334265595692 -0.1344885637692104 0.3153715493162351 -0.1344885637692104 -0.3540636845986791
1305031472.995704 1.009867147554617 0.295896127976276 1.224832931745475 -0.1320845320331112 0.3138935239047703 -0.1320845320331112 -0.3408236588059952
1305031473.027638 1.021162157462266 0.2956503523740192 1.217177142102785 -0.1399467440252427 0.3145834155731662 -0.1399467440252427 -0.3443836722420125
1305031473.063684 1.028895383813055 0.3026198587639516 1.217082851650221 -0.1479262416733073 0.3155162936087664 -0.1479262416733073 -0.3410695631420487
1305031473.095695 1.023402990444798 0.2973775191872309 1.214719122871698 -0.1426380963933201 0.3163004426508987 -0.1426380963933201 -0.3445627782111506
1305031473.127744 1.018411552184903 0.3003798855090634 1.216844857669872 -0.1377315078282472 0.3243832550761522 -0.1377315078282472 -0.3440906366186314
1305031473.16706 1.017415307284752 0.3012688034772791 1.215813859797105 -0.1359127003691933 0.3245589621084612 -0.1359127003691933 -0.3456334996171743
1305031473.196069 1.015661934511086 0.3063786088365372 1.219289490879506 -0.1372079604145932 0.3256665998818524 -0.1372079604145932 -0.3425347424720734
