1305031453.39169 1.3112 0.8507 1.5186 -0.089797337548412 0.2361929969814578 -0.089797337548412 -0.3908884103304481
1305031453.423683 1.329050742321984 0.8491449638776816 1.524460083545651 -0.09473042914171162 0.221793097913947 -0.09473042914171162 -0.388556651361039
1305031453.459685 1.347275936954545 0.8522139294053207 1.528246996075391 -0.1005352997392516 0.2123562115758379 -0.1005352997392516 -0.3880978021987047
1305031453.491698 1.34877037190397 0.8444291813611984 1.532214796396482 -0.09570582422956227 0.2034283718979057 -0.09570582422956227 -0.3922836948381318
1305031453.523684 1.35437072142031 0.8348798515024529 1.539247969054662 -0.09370336950841705 0.1903148749140716 -0.09370336950841705 -0.3959110953933461
1305031453.559753 1.362410084492382 0.8285456827509471 1.547240521583089 -0.09528341631366649 0.179284869033265 -0.09528341631366649 -0.4004241660077037
1305031453.59164 1.370128158808061 0.8191591784793617 1.552445735320492 -0.09803956729556994 0.1709867318253768 -0.09803956729556994 -0.4060235790947391
1305031453.627706 1.380646297102917 0.8062902732195663 1.556512245676187 -0.1005915996815411 0.1648176229708078 -0.1005915996815411 -0.4131078924456588
1305031453.6596 1.376490943850613 0.7894288131997944 1.565924722536978 -0.1000434253533701 0.1585302701295176 -0.1000434253533701 -0.4182932155828015
1305031453.691678 1.372346652400219 0.7694412992230899 1.570928729224025 -0.1015659766197409 0.1594976179209544 -0.1015659766197409 -0.4255660125351054
1305031453.727652 1.374924182983631 0.7537699164163423 1.571382496456037 -0.1062986399228308 0.1645262309878155 -0.1062986399228308 -0.4317458549995708
1305031453.759694 1.381611154715297 0.7326545863454315 1.569823494197222 -0.1125537387411414 0.1686864587663627 -0.1125537387411414 -0.4366574714483823
1305031453.791716 1.37376062539419 0.7150305359740922 1.576928482891352 -0.1158022185522121 0.1776442788164477 -0.1158022185522121 -0.4390901166816633
1305031453.827773 1.378061163903839 0.6966854554762395 1.573703034991746 -0.123207025025612 0.1884565601572285 -0.123207025025612 -0.443597342832424
1305031453.859705 1.373755194591955 0.6824329948146505 1.578744212508862 -0.1272843065292841 0.1962259242287619 -0.1272843065292841 -0.4441166806185341
1305031453.89171 1.359996047424336 0.6573493165124322 1.57764521308971 -0.1326539294125167 0.2049453993866646 -0.1326539294125167 -0.4461183353354224
1305031453.927723 1.351462405372168 0.6395879712577907 1.581985757053011 -0.1435154765962079 0.215127100110493 -0.1435154765962079 -0.4420848811243988
1305031453.959641 1.344722146172992 0.6238166159384234 1.582077883590254 -0.1576042415402177 0.2251967175081233 -0.1576042415402177 -0.4365754647388516
1305031453.991624 1.332877178172587 0.6135796794805617 1.587568058327907 -0.1662621691534905 0.239226658191085 -0.1662621691534905 -0.4300238773608386
1305031454.027662 1.326693074933605 0.6143292223765318 1.598932714667318 -0.1729462193788777 0.2550298232880932 -0.1729462193788777 -0.4222466059295871
1305031454.059654 1.323203496081335 0.6083876477369102 1.602688850299815 -0.182523650830835 0.268081169192386 -0.182523650830835 -0.4206402553682543
1305031454.091651 1.312972284684975 0.603512398658878 1.617239215038467 -0.1872881988546582 0.2838447774650181 -0.1872881988546582 -0.414442663667816
1305031454.127701 1.301451447282397 0.5933322427742129 1.619046681101606 -0.1916913656470101 0.2992237381443512 -0.1916913656470101 -0.4130036470985541
1305031454.159672 1.293402646913616 0.5898248291019698 1.623343247588092 -0.2003883293601572 0.3163878651217214 -0.2003883293601572 -0.4108819932369391
1305031454.191658 1.289912140049007 0.584685728163084 1.623623449485773 -0.2113185545073559 0.3332066433610291 -0.2113185545073559 -0.4067920016411768
1305031454.227671 1.285938992932656 0.5771133340601136 1.617653744169789 -0.2222206252479974 0.3511355856483687 -0.2222206252479974 -0.4026113041082908
1305031454.259627 1.277738413388063 0.5694011818483271 1.6155482585354 -0.2321903742665829 0.3701751316186951 -0.2321903742665829 -0.4016009441428216
1305031454.291639 1.286094093272859 0.5808638330359726 1.598990742614365 -0.2493208361383838 0.3893066782420894 -0.2493208361383838 -0.4030689985281689
1305031454.327699 1.280318908124078 0.5719976380950478 1.597559197303061 -0.2500543323472583 0.4021823350964072 -0.2500543323472583 -0.4005619075385383
1305031454.359636 1.267795902548131 0.5666303885471806 1.605091015745954 -0.2521550576097015 0.4183059805418654 -0.2521550576097015 -0.3974620176808342
1305031454.391677 1.26749040830345 0.5516298625394558 1.585164865919091 -0.2602899335977337 0.4316305628735231 -0.2602899335977337 -0.4071893125875568
1305031454.427465 1.261421961397256 0.548995175659259 1.594103187309096 -0.2606548459480557 0.4464614259156333 -0.2606548459480557 -0.4036985667048055
1305031454.459913 1.249039775954331 0.5444797841346465 1.597060005499848 -0.2649117265288427 0.4643157087030962 -0.2649117265288427 -0.3996513835185092
1305031454.491617 1.246302686693337 0.5416965404435847 1.59125747103296 -0.2689082010203722 0.4803834843512583 -0.2689082010203722 -0.3997546484525064
1305031454.5277 1.242125271223269 0.5341536368005655 1.588735690274296 -0.2665973387952559 0.4948018481970924 -0.2665973387952559 -0.4003721498861892
1305031454.559575 1.243950881276571 0.5236331991818942 1.583069822389794 -0.2653680033084627 0.5097473816717886 -0.2653680033084627 -0.4003847247928853
1305031454.591635 1.241110174395479 0.5083066757345749 1.575078297511898 -0.263223507087086 0.5209755462051088 -0.263223507087086 -0.3986539063796264
1305031454.62758 1.233512527597884 0.4954671555038191 1.576357852996507 -0.2613111517710286 0.5389193265990027 -0.2613111517710286 -0.3934140461718083
1305031454.659528 1.232324791389835 0.4892188434888163 1.570371229389939 -0.2665031275724031 0.5545364388280788 -0.2665031275724031 -0.3885844876021386
1305031454.691884 1.236058076191495 0.4834495923096914 1.563248652231257 -0.273494966007354 0.5649134343441919 -0.273494966007354 -0.3798778198877734
1305031454.727659 1.234762519361741 0.4866119209641389 1.556392510014407 -0.283845217281246 0.5753613424136984 -0.283845217281246 -0.3665224069156119
1305031454.759732 1.241204799675978 0.4920283106794738 1.546221997817779 -0.2955421889123507 0.5842836309498164 -0.2955421889123507 -0.3583769229336379
1305031454.791641 1.246274218884539 0.5009776127659371 1.535057955419301 -0.3048963836061245 0.5844494278202608 -0.3048963836061245 -0.3494514406286797
1305031454.82757 1.25315621328834 0.5033392933098998 1.525305321128673 -0.3116434562611441 0.5795354487781104 -0.3116434562611441 -0.3436454982547085
1305031454.85962 1.264465459038176 0.5094776291330864 1.513532386487981 -0.3180425185462331 0.5751839220804774 -0.3180425185462331 -0.338373705578229
1305031454.891764 1.272375792413798 0.5025342680150471 1.510680558722674 -0.31530790299647 0.5696084820228579 -0.31530790299647 -0.3357840984279614
1305031454.927567 1.276345859463577 0.5042024673100343 1.504023417332379 -0.3146700149071762 0.563002760603595 -0.3146700149071762 -0.3323363349349027
1305031454.959648 1.284261032655017 0.4999030722539698 1.497921290091049 -0.3120834811529591 0.5566897081976578 -0.3120834811529591 -0.3311737399341315
1305031454.991937 1.284725201213006 0.4964868620862735 1.492947478627997 -0.3097729467921033 0.5505250362590314 -0.3097729467921033 -0.3279583198683319
1305031455.027799 1.28738901364641 0.4837874046984241 1.489409037118162 -0.3077040777973277 0.5446056702038937 -0.3077040777973277 -0.327724216491143
1305031455.059636 1.291576781834837 0.4780057925897466 1.481887764341244 -0.3097150343469629 0.54163939962862 -0.3097150343469629 -0.3267581788285157
1305031455.0917 1.293360116168342 0.4707752678882159 1.479461256551133 -0.307767823272001 0.5391735844883727 -0.307767823272001 -0.3259685013726954
1305031455.127695 1.291501626006015 0.4570111170455371 1.476003645801026 -0.3043659596541895 0.5370210331106804 -0.3043659596541895 -0.3300918378373102
1305031455.15972 1.296256711995867 0.4414439640825008 1.469052602668508 -0.3012993481233708 0.5336248034367139 -0.3012993481233708 -0.3352064818918538
1305031455.191655 1.291651428993021 0.4307698967752217 1.463954249141441 -0.2992420999159515 0.5289790725794493 -0.2992420999159515 -0.3351973793279379
1305031455.227581 1.290720098347231 0.4119200474304345 1.462145294915931 -0.2955387376308418 0.5234674235318026 -0.2955387376308418 -0.335320081401457
1305031455.259631 1.288128628865273 0.4035975230754332 1.460069112288402 -0.2962258322031924 0.5173627900598424 -0.2962258322031924 -0.3344371375830489
1305031455.291831 1.290169167213597 0.3860626976373051 1.454376847625368 -0.2934829398406019 0.511324417656011 -0.2934829398406019 -0.3360128746908261
1305031455.327766 1.28353601768658 0.3687537074765861 1.453652741290796 -0.2883264776038903 0.5026257153714334 -0.2883264776038903 -0.3316036718826921
1305031455.35963 1.277672461384259 0.356268804974515 1.451860363714842 -0.2893757559437073 0.4928405787613149 -0.2893757559437073 -0.325508659189612
1305031455.391665 1.278062312589121 0.3376152733931859 1.44774703809432 -0.2867951502872484 0.4882123064442659 -0.2867951502872484 -0.3216132638910577
1305031455.427642 1.268480877984528 0.3280365043139186 1.451250374723679 -0.2793679677859527 0.4817981033191387 -0.2793679677859527 -0.3137809447099075
1305031455.459589 1.259701515503598 0.3183150203419761 1.453259637583844 -0.2760485254926421 0.4717965823649591 -0.2760485254926421 -0.3067614831464713
1305031455.491637 1.251012573212673 0.3060274750151541 1.459792928391887 -0.2740731966138314 0.4634662773396231 -0.2740731966138314 -0.3017792336239644
1305031455.52761 1.247275573423123 0.2917064281303613 1.460041448970571 -0.2743650217718922 0.453834829730775 -0.2743650217718922 -0.299467272216501
1305031455.559669 1.23443051416739 0.2670775206930565 1.469929918461303 -0.2699609073260773 0.4420868504671364 -0.2699609073260773 -0.2979231065214335
1305031455.591645 1.216937239834702 0.2431022167418588 1.479382171636617 -0.2695380804488335 0.4313428548112457 -0.2695380804488335 -0.2969968564501489
1305031455.627617 1.212538435793786 0.2283889105087636 1.482229169382145 -0.2763665187303238 0.4192148873679398 -0.2763665187303238 -0.2933619858014174
1305031455.659615 1.198963285638668 0.2117454460951275 1.493612510112983 -0.2752593012819057 0.4087300713217998 -0.2752593012819057 -0.2888967439031014
1305031455.691605 1.184860967451286 0.1960972260674107 1.503109905867489 -0.2749433074425626 0.4016698280184618 -0.2749433074425626 -0.2914859652811911
1305031455.727628 1.177556690118049 0.1763566910244804 1.506930230198804 -0.2735533528155034 0.4007826296128205 -0.2735533528155034 -0.2984598526627388
1305031455.759683 1.172763627785518 0.1710412036067919 1.514341816919757 -0.2721887784475779 0.403501019188608 -0.2721887784475779 -0.2999095911987209
1305031455.791666 1.163531763520723 0.1569050986744865 1.522685901062111 -0.2662257297770771 0.4039337368796218 -0.2662257297770771 -0.3038594249488409
1305031455.82759 1.148664396583706 0.1512285419967082 1.539326472432479 -0.2619482411269071 0.4010659910352362 -0.2619482411269071 -0.3035712202718751
1305031455.859526 1.142321324700029 0.1384870582142208 1.552146479375831 -0.2602353104414086 0.3983775675937611 -0.2602353104414086 -0.30633026633019
1305031455.891657 1.136269999866054 0.13125101541802 1.561549405498816 -0.259723179524323 0.3986865317740809 -0.259723179524323 -0.3063837431200035
1305031455.927955 1.131276876433297 0.1259231740050275 1.571923094013817 -0.2586866590436067 0.3980252938116119 -0.2586866590436067 -0.3060429322076853
1305031455.959716 1.123254680696834 0.1089842603987988 1.584408510707282 -0.2526798903331454 0.3971875281970008 -0.2526798903331454 -0.3085786249623897
1305031455.991694 1.112951164408097 0.09202867223229841 1.591270774268174 -0.2466462826516391 0.3975115789844783 -0.2466462826516391 -0.313143706178453
1305031456.02777 1.111138417092399 0.08700624631426544 1.598623955957081 -0.2428222836940021 0.3983525462272505 -0.2428222836940021 -0.3124646502388603
1305031456.059713 1.112242559428325 0.07432097875798112 1.602612750548597 -0.2361902512448137 0.3991386275844945 -0.2361902512448137 -0.3119551735851181
1305031456.091707 1.101897090911702 0.06570676099452144 1.612718135016149 -0.2246983867189521 0.4056173821866425 -0.2246983867189521 -0.306401082606786
1305031456.127645 1.086091812279364 0.05893288149442362 1.623258312943249 -0.2151097834087123 0.4095783344676183 -0.2151097834087123 -0.3032686161801454
1305031456.159731 1.071533942153592 0.0510926614334701 1.636306187846194 -0.2074763225002565 0.4097003036086881 -0.2074763225002565 -0.3029994773874217
1305031456.191658 1.067967512115589 0.05371431544834792 1.642332828292051 -0.2046207547895103 0.4086740656181492 -0.2046207547895103 -0.3029289031127706
1305031456.227678 1.054272511343748 0.05812343802283013 1.655654073265417 -0.199790391691284 0.4036353575492362 -0.199790391691284 -0.3055198828626709
1305031456.291675 1.058975292676435 0.05274605277205334 1.654258581496227 -0.1971332653808689 0.3965621741207498 -0.1971332653808689 -0.3123561836192173
1305031456.327718 1.047086986086582 0.0467262310254971 1.66008066664958 -0.1833658907393168 0.3827709605721999 -0.1833658907393168 -0.3218148573811343
1305031456.391619 1.025237085814745 0.02400867901817474 1.663986218760374 -0.1688102167547007 0.3745697889116874 -0.1688102167547007 -0.3347576449055637
1305031456.427662 1.023718655806116 0.04981929458586169 1.666018552673419 -0.1653156259705019 0.3571002592982426 -0.1653156259705019 -0.3357445071510154
1305031456.491677 0.9898707693883937 0.02105177892032385 1.671380427916162 -0.1470931071546953 0.3474814625255156 -0.1470931071546953 -0.3494250885104904
1305031456.527641 0.988595050391902 -0.03727616009640996 1.659868429528637 -0.1408511247479211 0.332259327099022 -0.1408511247479211 -0.359464389084329
1305031456.591651 0.9508266079331499 -0.03401456904429941 1.643643167024922 -0.1387246887867286 0.3298345629672348 -0.1387246887867286 -0.3539371600030938
1305031456.627612 0.9154860981146213 -0.05404955224577759 1.639964962848726 -0.1304586574349346 0.3185084529775858 -0.1304586574349346 -0.3552523519923986
1305031456.691612 0.9053878546359593 -0.08431293733738481 1.617609001467246 -0.119820547802541 0.3123068493644791 -0.119820547802541 -0.356516033034885
1305031456.727693 0.8619050293197172 -0.08786929627681252 1.607657230479787 -0.109384383543739 0.2972799683174835 -0.109384383543739 -0.3504573565269421
1305031456.791649 0.8447319390246281 -0.1066017891205263 1.599648227524884 -0.1064789587893625 0.287159825064606 -0.1064789587893625 -0.3486630155628814
1305031456.827603 0.7791264958605391 -0.1099669793290862 1.607465919855923 -0.1065025705807219 0.2778440536510352 -0.1065025705807219 -0.3375299065705119
1305031456.891672 0.7684306824630859 -0.1554925626991996 1.581303270631117 -0.1038174935022145 0.2706990568656037 -0.1038174935022145 -0.3520961204981199
1305031456.92769 0.7638086754584756 -0.1474326444674538 1.574336490464798 -0.1087686621868923 0.262656807913258 -0.1087686621868923 -0.3410138237269064
1305031456.959667 0.7300975011493028 -0.1453753178795009 1.563181907768619 -0.1012524408007732 0.2523802947554604 -0.1012524408007732 -0.3450310753539501
1305031456.991709 0.7301291510302741 -0.1525124574185595 1.552770411858131 -0.101835307244007 0.2451973627720835 -0.101835307244007 -0.3447358741487326
1305031457.027648 0.7133419982249406 -0.1533546750826952 1.548636483096621 -0.09477742493128763 0.2421729676301749 -0.09477742493128763 -0.3379356500600727
1305031457.091655 0.6939019894007437 -0.1618593658707821 1.540010697658426 -0.08826841517139139 0.2370488047603164 -0.08826841517139139 -0.3402248842419852
1305031457.127632 0.7073084858822594 -0.1827706157575592 1.537461441062687 -0.09006419010525439 0.2260417946769551 -0.09006419010525439 -0.332875495549441
1305031457.191735 0.6599897697868231 -0.1816078270390564 1.535397437126578 -0.07095050797948763 0.2191129398867813 -0.07095050797948763 -0.3304210442980517
1305031457.227543 0.643690222519458 -0.1868410934883699 1.540215140069965 -0.06677595644699266 0.2010128661481866 -0.06677595644699266 -0.3305508662509467
1305031457.291656 0.6251641164492635 -0.2103956748098275 1.545013396625297 -0.05559887644730156 0.192143178306255 -0.05559887644730156 -0.3326696642102199
1305031457.327548 0.6247365659152451 -0.1254232804674653 1.584957670966863 -0.07216351178227873 0.176211923617257 -0.07216351178227873 -0.2985159184916659
1305031457.391684 0.6300470415597613 -0.1378504387281048 1.609349250461622 -0.07033980744251898 0.1679585179971283 -0.07033980744251898 -0.2975733665453537
1305031457.427641 0.5997210846636783 -0.1723014811714452 1.593809387743474 -0.05164680091591956 0.1468572268430052 -0.05164680091591956 -0.3215896916513845
1305031457.491705 0.5872921887594571 -0.17465495452065 1.635876243361542 -0.04756157447649176 0.1346563494876976 -0.04756157447649176 -0.311094844927198
1305031457.527638 0.560434598678009 -0.1746074155179224 1.649533606564456 -0.0462571243970597 0.1245933357527907 -0.0462571243970597 -0.3085153808885269
1305031457.559685 0.5564088247469944 -0.1628732395740831 1.662379428049982 -0.04903368245998899 0.1209813779875388 -0.04903368245998899 -0.3057812672430881
1305031457.591678 0.5508543846212246 -0.163785822669984 1.678034539091395 -0.04838839162773954 0.1163059601307784 -0.04838839162773954 -0.3058984213243918
1305031457.627526 0.5407330830789228 -0.171309784865623 1.694215052137175 -0.04608509857324099 0.1110359918224882 -0.04608509857324099 -0.3065036856911844
1305031457.659632 0.534621996161891 -0.1814272310827206 1.721344483867217 -0.04599148230129408 0.1079869747527058 -0.04599148230129408 -0.3038738926610837
1305031457.69157 0.5200873822977721 -0.1892851834080259 1.728844583761102 -0.0446616024085736 0.1030064870932541 -0.0446616024085736 -0.3063808635967861
1305031457.727669 0.5078803160937855 -0.1999009442620679 1.732680342810905 -0.04412137500866469 0.09966461037499345 -0.04412137500866469 -0.3034129176295331
1305031457.759556 0.4923779703309409 -0.1865359355943829 1.752600155977474 -0.0418234267416048 0.1006099783173936 -0.0418234267416048 -0.2961819058695412
1305031457.791567 0.4792395614867813 -0.1881228378051145 1.760279891236871 -0.03974913176175992 0.1008271939575397 -0.03974913176175992 -0.2997831861856199
1305031457.827699 0.4739526145723835 -0.1758311778943558 1.778471494076659 -0.03908697993945624 0.1014118403879384 -0.03908697993945624 -0.3029187816258937
1305031457.859623 0.4610561108559368 -0.1846912548895226 1.787575251132178 -0.03317309528690261 0.09663507406410343 -0.03317309528690261 -0.3136927184921722
1305031457.891593 0.4595725784442926 -0.1859529452099725 1.797167496594802 -0.03010438437564543 0.0942646440566083 -0.03010438437564543 -0.31669821181391
1305031457.927633 0.4442849072365616 -0.1761572725467539 1.810218885383156 -0.02503931367924073 0.09056700461961911 -0.02503931367924073 -0.3223147689204474
1305031457.991644 0.4200298459272649 -0.1917326510279568 1.817362248559599 -0.02149390742466128 0.08302920717220443 -0.02149390742466128 -0.3368308662539929
1305031458.027845 0.3775225797712601 -0.1885511583369951 1.824727164923725 -0.01878784203699868 0.07493275318120415 -0.01878784203699868 -0.3460855144717341
1305031458.059689 0.3685272558183837 -0.1655178778826864 1.830717897904367 -0.01930555018644517 0.07384114824924796 -0.01930555018644517 -0.3497178497980467
1305031458.09169 0.3663686795167267 -0.1733020063980433 1.831759358511198 -0.02055706314380177 0.06977101910741602 -0.02055706314380177 -0.3588059120756179
1305031458.127605 0.3551265858562032 -0.2044730630815285 1.839406161013259 -0.01750928588055281 0.06503113041591951 -0.01750928588055281 -0.3641289237741232
1305031458.159638 0.3401281543452222 -0.211527982065583 1.830860722449605 -0.01466980634311782 0.06214400392732531 -0.01466980634311782 -0.3672263848248403
1305031458.191646 0.307634156432848 -0.2018455871073906 1.827635726566852 -0.008633079493913278 0.05919379627285691 -0.008633079493913278 -0.3677772808968131
1305031458.227611 0.2706855555226062 -0.2013409591338676 1.85040607984626 -0.002961361867856364 0.05609117535226084 -0.002961361867856364 -0.3612422587250673
1305031458.259934 0.250561077674718 -0.1983388830696837 1.867687916103586 -0.002509027030773603 0.05846022210876494 -0.002509027030773603 -0.3493356891364923
1305031458.291664 0.2363290820954165 -0.1911869154467519 1.842558730576507 -0.005625922465064101 0.06167618781722758 -0.005625922465064101 -0.3524950614603788
1305031458.327628 0.2151311441855324 -0.1920839611947224 1.830050528653064 -0.01044635101335878 0.06261046173680351 -0.01044635101335878 -0.3627257912709873
1305031458.35959 0.2067636316393321 -0.1995623744230287 1.834841840000421 -0.01964717359236653 0.06277505742576973 -0.01964717359236653 -0.3629136378616327
1305031458.391626 0.1775511468749513 -0.1768526965940982 1.823880387696149 -0.02307841275398911 0.06080684416238128 -0.02307841275398911 -0.3674539091452766
1305031458.427598 0.1707411141488955 -0.1580627340994721 1.818963666429367 -0.0308345216132086 0.06248664238274416 -0.0308345216132086 -0.3734659443261068
1305031458.459637 0.1541095233275571 -0.170061617381029 1.804446949318352 -0.03445473552992859 0.05422618043635866 -0.03445473552992859 -0.3838192315023647
1305031458.491696 0.1511439981243284 -0.1447069501822225 1.792209217602539 -0.0385033334496613 0.04488966955920969 -0.0385033334496613 -0.3919920546692116
1305031458.527737 0.1658787154708055 -0.1026437424254704 1.786558207131341 -0.04360187535134569 0.04439214260077046 -0.04360187535134569 -0.4015225188210864
1305031458.559628 0.1683320093313596 -0.1027534182655013 1.786861571769581 -0.04303731310197405 0.03845756935610999 -0.04303731310197405 -0.4143645845969057
1305031458.591641 0.1621654240472614 -0.1306794592084117 1.759053757811196 -0.03745577407877497 0.03542819873712566 -0.03745577407877497 -0.4339109635808172
1305031458.627659 0.130255152490983 -0.1290436923385318 1.74104413458665 -0.02555637525932157 0.03680285102728469 -0.02555637525932157 -0.445837808222393
1305031458.659623 0.1150497848584196 -0.1505137193185488 1.743584513560094 -0.02089926877935461 0.03963514218608957 -0.02089926877935461 -0.448315004296125
1305031458.691674 0.09548169564779015 -0.1544117525673325 1.749080933506199 -0.02126262385337091 0.04181035008735536 -0.02126262385337091 -0.4392690560941329
1305031458.72765 0.09724904734648071 -0.1499753422914132 1.727759966801474 -0.03653496878866137 0.05576708543892056 -0.03653496878866137 -0.4350472314425177
1305031458.759945 0.009038157393310084 -0.1695541767119788 1.68621623116337 -0.01055981724216835 0.07269362807973799 -0.01055981724216835 -0.4481504527950834
1305031458.791632 0.0002959464919129358 -0.1634397971054372 1.663867246649788 -0.02122029153766779 0.08730628064754425 -0.02122029153766779 -0.4539858659402543
1305031458.827564 -0.003390302118743001 -0.1676947195566284 1.640223868255782 -0.03072533934857619 0.1035471454904714 -0.03072533934857619 -0.4551327817666794
1305031458.891665 -0.0009765429524196396 -0.1532488420567062 1.63414898172235 -0.03922334435489155 0.1097150225889317 -0.03922334435489155 -0.4460678272429455
1305031458.927621 0.005620337513992888 -0.1199344588063296 1.627558775200417 -0.04849013669815647 0.1173252837324639 -0.04849013669815647 -0.4469520166131496
1305031458.959617 -0.02063391221772048 -0.1573382651614983 1.623504164982053 -0.03102135095632251 0.1117145471114192 -0.03102135095632251 -0.4552441007223603
1305031458.991647 -0.03308977667909845 -0.1610526978697764 1.626426274581863 -0.02610628134450389 0.09974827391506567 -0.02610628134450389 -0.4492114574874065
1305031459.027665 -0.06857095583066897 -0.1450669792832244 1.60586436393184 -0.01600910270914202 0.09824333403475326 -0.01600910270914202 -0.4565218645825115
1305031459.059631 -0.1209473413213815 -0.1368675972757302 1.611246047515436 -0.007535773195594492 0.09828535479363273 -0.007535773195594492 -0.4619480671901156
1305031459.127618 -0.1136144768346076 -0.1463388802616601 1.625103302878874 -0.02512901573187333 0.09470343102128075 -0.02512901573187333 -0.4648365033975337
1305031459.159639 -0.1136144768346076 -0.1463388802616601 1.625103302878874 -0.02512901573187333 0.09470343102128075 -0.02512901573187333 -0.4648365033975337
1305031459.191674 -0.1329233574979376 -0.132020904858222 1.636958360344613 -0.04877287646570354 0.09603307596788718 -0.04877287646570354 -0.4584176093422348
1305031459.227607 -0.142307186020943 -0.142504783617075 1.632612831720597 -0.06844895653008763 0.09612693191270139 -0.06844895653008763 -0.4603444649691509
1305031459.25976 -0.1416949156082094 -0.1409337940273791 1.634443977000932 -0.08824497719346987 0.08830551228447056 -0.08824497719346987 -0.456168959313778
1305031459.327632 -0.1530787730600146 -0.1390288461749626 1.621179794716972 -0.09331075415037671 0.08062735333904823 -0.09331075415037671 -0.4551734590914466
1305031459.359651 -0.1390818373528224 -0.1337696742449022 1.62672778577574 -0.0878709997876003 0.04080922878700191 -0.0878709997876003 -0.4486278015655151
1305031459.391667 -0.1422150749489674 -0.1446774587439545 1.595475022481622 -0.07522943286165169 0.01497357397669009 -0.07522943286165169 -0.4630385646814828
1305031459.427646 -0.1604883293235345 -0.1497273660380542 1.573000956623152 -0.0568061699146553 -0.0221244687205546 -0.0568061699146553 -0.4624301708967058
1305031459.459679 -0.07371912736831951 -0.1235915720808971 1.600628242755144 -0.08312096213185111 -0.03936197190606558 -0.08312096213185111 -0.4273553682979918
1305031459.527594 -0.08017319749517303 -0.1265959083139287 1.59262199343781 -0.06410011190837137 -0.08643129526263871 -0.06410011190837137 -0.425584917119059
1305031459.559647 -0.08017319749517303 -0.1265959083139287 1.59262199343781 -0.06410011190837137 -0.08643129526263871 -0.06410011190837137 -0.425584917119059
1305031459.591695 -0.117076668096642 -0.1216316345737721 1.56631164140826 -0.04544315196846371 -0.1164189434390275 -0.04544315196846371 -0.4255886474541014
1305031459.627608 -0.1412165014615063 -0.1339880732876454 1.548547041118462 -0.03927705156671138 -0.1349156067970756 -0.03927705156671138 -0.4274500390988822
1305031459.659641 -0.1546513757375403 -0.135698044179657 1.539917022506731 -0.03971345941059604 -0.1457311290609746 -0.03971345941059604 -0.4241287194935072
1305031459.691604 -0.1471765577956737 -0.1333836629334182 1.527902797823706 -0.04097430890575523 -0.1468396696744566 -0.04097430890575523 -0.425790136489726
1305031459.727551 -0.1610666350281368 -0.1435092792673152 1.533238651453144 -0.03146549560319397 -0.1546867767889069 -0.03146549560319397 -0.4209017779576424
1305031459.79165 -0.1748441863506041 -0.1351124121507559 1.516950210484985 -0.02432266369561084 -0.160445465977222 -0.02432266369561084 -0.4219806785193588
1305031459.827664 -0.1790147353686498 -0.1207319591449315 1.523938828674434 -0.02775336685864094 -0.1570303355760475 -0.02775336685864094 -0.4223971591414328
1305031459.85966 -0.2017575625463388 -0.1250710256871242 1.535852746249458 -0.02567611757941067 -0.1553005386087915 -0.02567611757941067 -0.4204329871233791
1305031459.891596 -0.2185268431805121 -0.1358747555242849 1.542450002121474 -0.0272772484690329 -0.1519437546331106 -0.0272772484690329 -0.4181142411815891
1305031459.927607 -0.244585684354545 -0.1355100810829686 1.551881283824737 -0.02730286890898469 -0.1516018867348988 -0.02730286890898469 -0.4112897618036554
1305031459.991725 -0.2296864937221321 -0.1137457976241921 1.562049953204103 -0.04282724603550774 -0.1530798304294915 -0.04282724603550774 -0.4027223705635118
1305031460.027565 -0.2763539891925417 -0.1159371131839481 1.569596325576802 -0.04065188123079164 -0.1577693318783162 -0.04065188123079164 -0.3987471902868832
1305031460.059659 -0.284010975353382 -0.09901987190536034 1.572848476628413 -0.04305914702388341 -0.1604155564807513 -0.04305914702388341 -0.3948464205616121
1305031460.091717 -0.2837728974153104 -0.08661380533224096 1.577059701658057 -0.04883009464729592 -0.1608635175088956 -0.04883009464729592 -0.3929050722331819
1305031460.12769 -0.316103883302413 -0.08007870696888561 1.584388882092698 -0.04905958144130046 -0.1673162156299092 -0.04905958144130046 -0.3918982369202492
1305031460.159678 -0.3548022628498357 -0.05789064448280963 1.587421187273083 -0.04983676834058418 -0.176365944353935 -0.04983676834058418 -0.3903924522838421
1305031460.191559 -0.3599976711827668 -0.05204736238717422 1.593689972287927 -0.06314988838660271 -0.180857322404747 -0.06314988838660271 -0.3901123103700411
1305031460.227761 -0.3615848941176307 -0.06747661264043744 1.602771164891631 -0.07587002777828657 -0.1833335388774629 -0.07587002777828657 -0.3884139196174477
1305031460.291689 -0.3376526020209392 -0.05225508924245933 1.613597582733826 -0.08872986581728282 -0.1859445644768642 -0.08872986581728282 -0.3811932114297467
1305031460.327512 -0.3326224406321763 -0.03476881835725798 1.61998556633503 -0.08261115842891532 -0.1912498465649995 -0.08261115842891532 -0.3841106770010166
1305031460.391611 -0.3699471735249441 -0.02049930306632907 1.630769337649737 -0.06268993985490023 -0.2005407389640209 -0.06268993985490023 -0.3849071008223753
1305031460.427477 -0.3746631165124142 -0.02372002333609138 1.629677353594445 -0.05125733599485276 -0.2107367511772646 -0.05125733599485276 -0.3891620599798859
1305031460.45962 -0.3819850505707302 -0.00989169866675297 1.632445297701192 -0.0422292539810532 -0.2210072069469308 -0.0422292539810532 -0.3879133205399029
1305031460.491504 -0.3828359771009887 -0.009447935764646819 1.635050414280084 -0.03366777395000665 -0.2289149009457764 -0.03366777395000665 -0.3883260787505221
1305031460.52757 -0.38993231254205 -0.01010281504898557 1.638438729012178 -0.02176134385377688 -0.2401324406969764 -0.02176134385377688 -0.3848663496634439
1305031460.559647 -0.4066216114450842 0.0001905022106957182 1.640797279766799 -0.008755834993217153 -0.2559471449185799 -0.008755834993217153 -0.3785534966944299
1305031460.591855 -0.408770235872168 0.01024222255344806 1.637859254432349 -0.0004809992947072076 -0.2636276053512084 -0.0004809992947072076 -0.3751092652237076
1305031460.627625 -0.4033522329829094 0.01502244431467296 1.63817744303389 0.003317787712434088 -0.2679026784494091 0.003317787712434088 -0.3739478494494755
1305031460.659764 -0.4117390558354384 0.0218919274988071 1.639391143120575 0.01200923516938325 -0.2731030864890799 0.01200923516938325 -0.3733264395336924
1305031460.691671 -0.4169334960460652 0.03175485999533272 1.640688372491454 0.0189596526999342 -0.2762997198766504 0.0189596526999342 -0.372981181453799
1305031460.727675 -0.4408531013061348 0.03552105735186243 1.6421543355441 0.02885101314231512 -0.2791752171895638 0.02885101314231512 -0.372556486351523
1305031460.759667 -0.4504415318521981 0.03999834422383289 1.643027857256162 0.03225497028856919 -0.2794915016325996 0.03225497028856919 -0.3698792736374693
1305031460.79166 -0.4477411536628301 0.05377678419081016 1.643769762947035 0.03442900203779722 -0.2818747514640594 0.03442900203779722 -0.367631167543079
1305031460.82766 -0.4655312025277829 0.0682598934541901 1.645222740572144 0.04323444254809623 -0.283756989758454 0.04323444254809623 -0.3653430561420721
1305031460.859714 -0.4779838456495732 0.07428807077509976 1.646337169823459 0.04760021037110614 -0.2816583178090312 0.04760021037110614 -0.3631618964280836
1305031460.891774 -0.4837075241254664 0.07902048756356145 1.644883565577181 0.05284809352408778 -0.278346447984052 0.05284809352408778 -0.3604022752431619
1305031460.927562 -0.4913703889427686 0.08938788602714373 1.643315809077606 0.06008492441291489 -0.2775356527174787 0.06008492441291489 -0.3571926238263369
1305031460.991668 -0.5040836955414083 0.1145847010152924 1.644872817779365 0.06772116292623682 -0.2798082785222819 0.06772116292623682 -0.3487037128046133
1305031461.02762 -0.5057969329430511 0.1404921346966573 1.647686886242504 0.06958522946786021 -0.2833078954076602 0.06958522946786021 -0.3467377188836992
1305031461.091728 -0.5196388228693771 0.1591173257461052 1.655369437971914 0.07447555990460104 -0.2866732320672899 0.07447555990460104 -0.3448007386310247
1305031461.127586 -0.5395534525955903 0.1809544146967599 1.657098785391283 0.07569681870783204 -0.2891101251723037 0.07569681870783204 -0.3467297818601814
1305031461.15972 -0.5384447352567727 0.1907073923630906 1.646459762017165 0.07709455015988971 -0.2855732779872758 0.07709455015988971 -0.3498449357240879
1305031461.192013 -0.5434474284075941 0.2215769744829476 1.650823297411253 0.08295166387196114 -0.2861222209357122 0.08295166387196114 -0.345506797936838
1305031461.227607 -0.5474229559239119 0.2316473855863349 1.651950439139533 0.08455910258834515 -0.2822901296221825 0.08455910258834515 -0.3481016825022389
1305031461.259642 -0.5544478675274156 0.2308306343445396 1.648269810332077 0.08645600003972255 -0.2797871251989787 0.08645600003972255 -0.3537629226204958
1305031461.291656 -0.5520560992806106 0.2451915759298534 1.64892413704258 0.08651105818222285 -0.2779595299237317 0.08651105818222285 -0.3547416643169991
1305031461.327751 -0.5488949782111763 0.2503036302892696 1.64943372828041 0.08581972018262721 -0.2713713330859032 0.08581972018262721 -0.3581818111702337
1305031461.359709 -0.548137584019035 0.249370786382395 1.646570830370196 0.08754853263551558 -0.2663529954689176 0.08754853263551558 -0.3633071910229461
1305031461.391708 -0.5536160424772586 0.2526364911957291 1.648046973588575 0.09309441758178623 -0.2626410959432688 0.09309441758178623 -0.3596043873218098
1305031461.427624 -0.5523650492133995 0.2670960522282905 1.648483829412727 0.09457236925701334 -0.2632980038304737 0.09457236925701334 -0.352033511547322
1305031461.459781 -0.5481704069896083 0.2769147038329425 1.641709417729736 0.09649401142450381 -0.2607731823646235 0.09649401142450381 -0.3525406907733111
1305031461.491677 -0.5521310693444337 0.2844063157221462 1.646671223094545 0.0984046567119177 -0.2630667706154827 0.0984046567119177 -0.3448849512224225
1305031461.527705 -0.5446314570903007 0.291392877867579 1.641940011747309 0.09888204302915177 -0.2631270532448896 0.09888204302915177 -0.3448697227122285
1305031461.559677 -0.5489026215822492 0.2988359486330205 1.634900294696339 0.1046790143950603 -0.2624524678865716 0.1046790143950603 -0.3502560981298459
1305031461.59169 -0.53406834423202 0.2674758704534129 1.631318473693232 0.09859763532830033 -0.2556731643467909 0.09859763532830033 -0.3619445995429873
1305031461.627541 -0.5214701785881983 0.2666979065107424 1.632708953751818 0.1036168469756123 -0.2543580486183115 0.1036168469756123 -0.3629745610080136
1305031461.659622 -0.5213435077011214 0.2646578675482709 1.636164816947475 0.1103062226706883 -0.2575305313267326 0.1103062226706883 -0.3606597771142205
1305031461.691563 -0.5128260832079453 0.261490232262569 1.635729060749721 0.1133715459959455 -0.2590606251958701 0.1133715459959455 -0.359780209875628
1305031461.727602 -0.5149717711646968 0.2633500967434583 1.635378550421794 0.1179091384887891 -0.2661541892876564 0.1179091384887891 -0.3552523087798029
1305031461.759684 -0.5098441808248974 0.2572721863753726 1.632234923660883 0.1172060783910282 -0.2720094326562379 0.1172060783910282 -0.3536764158506352
1305031461.791612 -0.498624929656145 0.2536872555561477 1.628426964762683 0.1177429416553419 -0.2749285003208007 0.1177429416553419 -0.351893390065506
1305031461.827615 -0.4958090538876237 0.2486245852603078 1.629042969388647 0.1212439071154415 -0.2794059243998762 0.1212439071154415 -0.3455776345642425
1305031461.859767 -0.4847932299079639 0.2421398029006768 1.624201625408948 0.1235382889779072 -0.2855485462161674 0.1235382889779072 -0.3438561736303384
1305031461.891723 -0.4842846912975513 0.2366475302503912 1.618277855503658 0.1293841024471767 -0.2941716976083528 0.1293841024471767 -0.3403297476858148
1305031461.927758 -0.4998168936973229 0.2231346199737938 1.613695491894793 0.1352774584228719 -0.3063862228880459 0.1352774584228719 -0.3354267062815138
1305031461.959703 -0.4981400938627326 0.2139730375172739 1.606395929333791 0.13345981427096 -0.3160030504148411 0.13345981427096 -0.3290618315136893
1305031461.99159 -0.469594025183431 0.2078387483466188 1.599323883749387 0.1311326112759379 -0.3204596776509049 0.1311326112759379 -0.3213402579768579
1305031462.027675 -0.4663840234665512 0.1868801960098994 1.597546875099957 0.1345521104785399 -0.3269989851081043 0.1345521104785399 -0.3149007061789382
1305031462.059837 -0.4905561403598266 0.169931409653403 1.575343739395843 0.1423791440525135 -0.3393301678850476 0.1423791440525135 -0.3156275231547234
1305031462.091777 -0.4870278655935045 0.1635897366576953 1.569323501172962 0.1336649514340102 -0.3500130765378726 0.1336649514340102 -0.3088056287560462
1305031462.127739 -0.4778864196956253 0.1520413025888361 1.560026844059495 0.1218011172323905 -0.358876920353447 0.1218011172323905 -0.3059406157760946
1305031462.159646 -0.467445174758309 0.1386437188089298 1.551774998358427 0.1118643942602161 -0.3659599563264057 0.1118643942602161 -0.3027304889616114
1305031462.191641 -0.4608184354162067 0.1293304090966307 1.54565624769923 0.1052923338675659 -0.3716187321733607 0.1052923338675659 -0.2991073736694896
1305031462.227633 -0.4365403481903285 0.1131839206646386 1.544439513542072 0.09246375904738699 -0.3679632723838225 0.09246375904738699 -0.295282115338597
1305031462.259765 -0.4469578332511049 0.1096594101114063 1.544358740659558 0.09902642072746058 -0.3694415324546262 0.09902642072746058 -0.2865489820801277
1305031462.291629 -0.4453062446267064 0.09167047247926517 1.532449397875894 0.09540028177408888 -0.3665469679708087 0.09540028177408888 -0.2877398947494088
1305031462.32754 -0.4479240124744988 0.07718554798107204 1.522269052472818 0.09430563925293396 -0.3596909169773205 0.09430563925293396 -0.287240732346425
1305031462.359732 -0.4463392450101251 0.06062659630782473 1.512584269669609 0.09226276374375633 -0.3513777190384954 0.09226276374375633 -0.2861930963289862
1305031462.391695 -0.4415287805501337 0.0560542945752216 1.51352327212236 0.09119003294989872 -0.3436095108002845 0.09119003294989872 -0.2759036234109483
1305031462.427635 -0.4658800740781702 0.04798810469420849 1.51049350438274 0.09868260767728877 -0.3380345765018083 0.09868260767728877 -0.2686241034575979
1305031462.459897 -0.4717545067426848 0.0402219264368139 1.503042545628855 0.0978709983678378 -0.3297499875567382 0.0978709983678378 -0.2612396409490123
1305031462.492008 -0.4739178276237099 0.02951429411952507 1.493839662033739 0.0931869229047992 -0.3199611451254727 0.0931869229047992 -0.2559125006365724
1305031462.52767 -0.4776340251868159 0.01961885718575391 1.493299322291629 0.08841645000754379 -0.3116409107037111 0.08841645000754379 -0.2455415555302946
1305031462.559862 -0.4700008464989126 0.01142482399640723 1.483732529729467 0.07973816050168459 -0.3011160793285041 0.07973816050168459 -0.2410536953571597
1305031462.591862 -0.464348477312393 0.004823505655492626 1.481983984637997 0.07139861268876117 -0.2888817074889363 0.07139861268876117 -0.2351773613349445
1305031462.627851 -0.4533963652601466 -0.003182866551849647 1.480086533909903 0.06510314181101427 -0.276952031150716 0.06510314181101427 -0.2325843400530566
1305031462.65966 -0.4491311736492897 -0.00925569960486328 1.481487593174915 0.06308237403575048 -0.266512268281751 0.06308237403575048 -0.2298609003084707
1305031462.692548 -0.4457572337188686 -0.0150377045069394 1.48091916310205 0.06429240599059929 -0.2556453345358449 0.06429240599059929 -0.2301846226597697
1305031462.727652 -0.4490225326984896 -0.02325235665962101 1.480282079153672 0.06647854235784743 -0.2454202207150047 0.06647854235784743 -0.233761611523104
1305031462.759782 -0.4535253633753158 -0.04058711290255109 1.480307871135638 0.06519134425342488 -0.2307025195957809 0.06519134425342488 -0.2385605844146052
1305031462.791943 -0.4505501028592702 -0.05731557537557054 1.480758230568836 0.06035484587208115 -0.215695807345982 0.06035484587208115 -0.2414273906507504
1305031462.827816 -0.4470502767682195 -0.07051978640201642 1.48176917963607 0.05759572770354415 -0.205147856419972 0.05759572770354415 -0.2419318968903999
1305031462.859782 -0.4460787516701772 -0.08556179299769048 1.483994718521587 0.05564335226969228 -0.1972841418685829 0.05564335226969228 -0.240786973644295
1305031462.891847 -0.4398444455705324 -0.1031157755754136 1.484198797780072 0.05436813531399178 -0.1877200588830047 0.05436813531399178 -0.2398446813775424
1305031462.927607 -0.4252672268697011 -0.1125572726320884 1.485320202245466 0.05303035029106153 -0.1834586901063532 0.05303035029106153 -0.2376892945949372
1305031462.959676 -0.4161212538816366 -0.1210006917406137 1.490493387543031 0.05307232377569631 -0.1829239808782374 0.05307232377569631 -0.2353329275616501
1305031462.99555 -0.4068261073159158 -0.1314892380098808 1.493898862642345 0.05059597148337564 -0.1798204941802963 0.05059597148337564 -0.2360742870964132
1305031463.027667 -0.388897612753089 -0.1377636963302586 1.497697006454054 0.04408887408711341 -0.1740185925271354 0.04408887408711341 -0.2380979976339442
1305031463.05981 -0.3719199939640101 -0.1430817934847968 1.504680490294776 0.03765264088628756 -0.1670969584947294 0.03765264088628756 -0.2413214177596458
1305031463.095809 -0.3660112126365073 -0.1580495964551498 1.510939761385131 0.03501230348632837 -0.1567197250551309 0.03501230348632837 -0.2470837511072602
1305031463.12755 -0.3539385769869031 -0.1829464180399253 1.512131246897894 0.03152287486231854 -0.1427677468472582 0.03152287486231854 -0.2553897859710162
1305031463.159787 -0.3374817086543399 -0.1851788760981485 1.518011703842777 0.02899533532407285 -0.1335297518100732 0.02899533532407285 -0.2572577140583126
1305031463.195657 -0.3282394831818271 -0.1909682670514163 1.526086199666761 0.02993720455501812 -0.1242311668371231 0.02993720455501812 -0.2604464509705356
1305031463.227784 -0.3189117377701118 -0.2200298406978817 1.530106231110036 0.03032219571032511 -0.1132926199326263 0.03032219571032511 -0.2678306914450885
1305031463.260034 -0.3068111067341611 -0.2360281261775135 1.529568229369391 0.0293568874785681 -0.1070489913899233 0.0293568874785681 -0.2725328499204073
1305031463.295737 -0.291101577480458 -0.2225275243541902 1.536189571197137 0.02871790821890481 -0.1054126702603078 0.02871790821890481 -0.2709273434713888
1305031463.327739 -0.282764732534689 -0.2406000946604796 1.541113454785368 0.02984485216015588 -0.09938835137286821 0.02984485216015588 -0.2767425023622475
1305031463.35975 -0.2810560363628958 -0.2602501673134316 1.539602061242422 0.03162734007326998 -0.09494858179873239 0.03162734007326998 -0.2825585698475333
1305031463.39563 -0.2580096154587409 -0.2506530642261143 1.540337297050172 0.02368255989229328 -0.09059402533731818 0.02368255989229328 -0.2840488481068767
1305031463.427716 -0.2444556047514027 -0.2608915581286831 1.545964530857823 0.01909821899310437 -0.08465492473950167 0.01909821899310437 -0.2875251542620371
1305031463.459756 -0.2360321630006408 -0.2737985861671798 1.54969563173307 0.02017616801901913 -0.07965263198927393 0.02017616801901913 -0.2890660080117453
1305031463.495629 -0.219898400536409 -0.2770795448497008 1.551270785887657 0.02014688765480483 -0.07693812806572063 0.02014688765480483 -0.2894675615380578
1305031463.52767 -0.1995171520718958 -0.2861697671845091 1.551761025192148 0.02044431540463567 -0.07415090182323444 0.02044431540463567 -0.2911272853380351
1305031463.559751 -0.1811034706737047 -0.2825921493059217 1.550621179831355 0.02489726415038175 -0.07353870691593763 0.02489726415038175 -0.2928365404303406
1305031463.5956 -0.1701464779383051 -0.281343439166248 1.556029598882268 0.02846078178640085 -0.07609817232455034 0.02846078178640085 -0.2939695128034592
1305031463.627588 -0.161510243856445 -0.296685757754942 1.560357866558458 0.02956763337486138 -0.0747522144707522 0.02956763337486138 -0.2967368321641701
1305031463.659766 -0.1324227565522934 -0.294084695171296 1.560150802106846 0.02258946996136228 -0.07021923527835219 0.02258946996136228 -0.2992080387305702
1305031463.69564 -0.1216323924989851 -0.2790605971859745 1.565620513616544 0.02683219178523099 -0.07025499625416383 0.02683219178523099 -0.3030134733713159
1305031463.727588 -0.09285686822057268 -0.2920799530338237 1.580327495109948 0.01940067787005578 -0.06566973249520605 0.01940067787005578 -0.30660075680988
1305031463.759674 -0.07193783772166945 -0.308142626491996 1.582562516706644 0.01773707155754424 -0.06188942663755036 0.01773707155754424 -0.3133558307929638
1305031463.795647 -0.06564881429403616 -0.2890853255268953 1.593100526484141 0.02828784709430593 -0.05754432915427134 0.02828784709430593 -0.3154047838472464
1305031463.827761 -0.03579106005330966 -0.2907092526852794 1.60908739256179 0.0252666767877351 -0.04821951156301063 0.0252666767877351 -0.3205634427565234
1305031463.85991 -0.01563385691548013 -0.3069089812898002 1.617446230109292 0.02790520645528276 -0.03732297494080165 0.02790520645528276 -0.3287832590924663
1305031463.895648 0.00182751489909274 -0.2999322721465445 1.631381897232936 0.03243491109793449 -0.02757460170186022 0.03243491109793449 -0.331889728514484
1305031463.927664 0.0180683379757 -0.2959129032605046 1.651596282642685 0.03522528105606985 -0.02015321777550013 0.03522528105606985 -0.3338253202396449
1305031463.95968 0.03625305768952129 -0.3060612315807331 1.667017130248658 0.03310692047056891 -0.01396194862744016 0.03310692047056891 -0.3378539427993743
1305031463.995821 0.05784947914339564 -0.2974419367814558 1.683994448038547 0.02754288005746243 -0.006024977102493746 0.02754288005746243 -0.3375244472134599
1305031464.027703 0.07488718768992843 -0.2817710625949265 1.708507611084003 0.02450980372238877 0.002004240025053448 0.02450980372238877 -0.3350558218215791
1305031464.059652 0.09988775887035491 -0.2880628007434748 1.725891101333165 0.01941231078776456 0.012885400792796 0.01941231078776456 -0.3380740542317285
1305031464.095634 0.1188035260358727 -0.2866234980775852 1.743002757247369 0.01901879301518982 0.02224935275778988 0.01901879301518982 -0.3401959025565119
1305031464.127681 0.1323956793082548 -0.2746436342100936 1.762514217789548 0.02200794944158576 0.03173458160348274 0.02200794944158576 -0.341898795506938
1305031464.159817 0.1424097940361592 -0.2810477021556836 1.779005508421372 0.02104337115229028 0.0365327256964153 0.02104337115229028 -0.3461231022942945
1305031464.195585 0.1360333339052018 -0.2720537488413268 1.793947738822574 0.02143695078321916 0.03831935406921869 0.02143695078321916 -0.3481122394894105
1305031464.227624 0.1348776550456397 -0.259926997000357 1.813273561620381 0.01640019594341042 0.0435350836841017 0.01640019594341042 -0.3521542261001748
1305031464.259644 0.1425500637778787 -0.265716875958353 1.828776844032502 0.004885281465534647 0.04942093374662326 0.004885281465534647 -0.3601676847547096
1305031464.295667 0.1528153517471637 -0.2843291451907192 1.843817880487946 -0.01133964255882735 0.05448920620557058 -0.01133964255882735 -0.3658727351575196
1305031464.327866 0.1656086104543452 -0.2895212590386324 1.857651370244418 -0.02723844968255062 0.0653007366287027 -0.02723844968255062 -0.3657874956455939
1305031464.359684 0.1979315426792032 -0.2808695651017113 1.863196343881812 -0.04602075478253704 0.07607073702883003 -0.04602075478253704 -0.3650483076428756
1305031464.395611 0.2199278544561056 -0.2644527078436499 1.873663249121932 -0.0582691334877836 0.08421156249048656 -0.0582691334877836 -0.3644637780999891
1305031464.427634 0.2542543730427843 -0.2419460415200811 1.891554533015152 -0.06931516180276559 0.0948412934437418 -0.06931516180276559 -0.3628429075812412
1305031464.459689 0.2870927647501895 -0.2491224530108664 1.902681009318453 -0.07277679131758928 0.1050650472889656 -0.07277679131758928 -0.3673353235519859
1305031464.495633 0.2987017206411089 -0.2416383091884315 1.91397207148408 -0.07250184759890577 0.1141778956926072 -0.07250184759890577 -0.3695047066238948
1305031464.527574 0.3076994571820178 -0.2471254537300978 1.92796773306647 -0.0708901762071918 0.1203106175100722 -0.0708901762071918 -0.3725716752064143
1305031464.559703 0.3293099560733048 -0.2489218745451545 1.940527095745308 -0.07107170783062415 0.1269908209253016 -0.07107170783062415 -0.3753605985391292
1305031464.595698 0.3506956692008729 -0.2608778203054459 1.95557802863628 -0.06902522488911904 0.1395045241599281 -0.06902522488911904 -0.3766497603445046
1305031464.627672 0.3850669646960598 -0.222762622473587 1.976830028937473 -0.06978057712926458 0.1498072860047063 -0.06978057712926458 -0.3749623700653299
1305031464.659749 0.3960127163580683 -0.2047284085570592 2.002040764123575 -0.05923880691766877 0.1519574171759053 -0.05923880691766877 -0.3822357923174749
1305031464.695663 0.4243575917422253 -0.1941896243991166 2.0268654807415 -0.0527596227839705 0.1564052344672056 -0.0527596227839705 -0.3906758874979956
1305031464.727652 0.42546573744288 -0.1770653163772553 2.04525647699518 -0.0400142528411733 0.165615501284484 -0.0400142528411733 -0.4041019903689527
1305031464.75974 0.426640647851862 -0.154661239052129 2.057454302602522 -0.03642087503953363 0.1722151911436553 -0.03642087503953363 -0.4171681708206811
1305031464.796021 0.4614613832551667 -0.1537255232571431 2.072394735290963 -0.0424020787929717 0.1859080170428752 -0.0424020787929717 -0.4288165349641579
1305031464.827759 0.4718626413956526 -0.1718460405641408 2.073940506332378 -0.0430978988545196 0.2009784817891708 -0.0430978988545196 -0.44148334724622
1305031464.859654 0.4431525003646148 -0.1623107574036406 2.102233692080087 -0.04410355174747302 0.2150238746715385 -0.04410355174747302 -0.4430786107514116
1305031464.895817 0.4837128898154212 -0.1149361757764914 2.136342731837515 -0.06884285522637144 0.2389000495014443 -0.06884285522637144 -0.4313639723606796
1305031464.927799 0.4974699710401813 -0.1116076557565695 2.141653463609197 -0.07749858952061633 0.2623068265597331 -0.07749858952061633 -0.4286003120193461
1305031464.959763 0.4975318046080666 -0.1021144259420294 2.12887391550273 -0.0790712264270584 0.2880029624016474 -0.0790712264270584 -0.4310243454903616
1305031464.995687 0.4843481434815479 -0.064058950795393 2.130422776653136 -0.07726565806637754 0.3074842025973855 -0.07726565806637754 -0.4305442840759532
1305031465.027823 0.4961189309276787 -0.02954624480186495 2.129519728600707 -0.07855511508146443 0.3239823640580378 -0.07855511508146443 -0.4340329909006816
1305031465.059749 0.5187606522351619 -0.01302046296121915 2.129493967559806 -0.07712986262817477 0.3415278783319128 -0.07712986262817477 -0.4383570038286601
1305031465.0957 0.5002965388517355 -0.0189435804720923 2.120370529105815 -0.07108208260244953 0.3582202684162062 -0.07108208260244953 -0.4445907191761283
1305031465.127664 0.5214663039329492 -0.04478068718665998 2.115055274272846 -0.07522421148529702 0.3737174247868188 -0.07522421148529702 -0.4412531038787328
1305031465.159842 0.5167065591022469 -0.03076780953181673 2.111737093916491 -0.07329059856581159 0.3932522015499095 -0.07329059856581159 -0.4204659227017919
1305031465.195564 0.4941612237739688 -0.02900372637816959 2.09232837970599 -0.06541250897219852 0.4086661738700672 -0.06541250897219852 -0.4045559375514184
1305031465.227907 0.5004145096028311 -0.02255192452221823 2.062933033248739 -0.06805063501212211 0.4177204386899801 -0.06805063501212211 -0.3953562881809199
1305031465.259807 0.5164175313247059 -0.009479407860167056 2.046809300463991 -0.07270209429068668 0.4263829842751719 -0.07270209429068668 -0.3826528000982879
1305031465.295623 0.5183088239532204 -0.002689178096233683 2.020298339616144 -0.07454504903733752 0.4303352091016551 -0.07454504903733752 -0.3729117221798349
1305031465.327674 0.4984764952089752 0.002225047747727724 1.999587395859552 -0.07543388698559443 0.4284355782670244 -0.07543388698559443 -0.364854523927819
1305031465.359948 0.5161252489825654 0.008214158511054052 1.984478885031083 -0.08978739404825047 0.4224613288550513 -0.08978739404825047 -0.3539135088047481
1305031465.395586 0.5134168324517664 0.01724203386230866 1.962601228061231 -0.1021918160387987 0.4188708277505361 -0.1021918160387987 -0.345114013019081
1305031465.427697 0.5079054412612855 0.02773900892968616 1.948583676575595 -0.1148056083514602 0.4169547116002172 -0.1148056083514602 -0.3385214584297792
1305031465.460125 0.5270509757560744 0.03773816409464247 1.933372901142677 -0.1308610132260543 0.4122713144972123 -0.1308610132260543 -0.3365578703442816
1305031465.495703 0.54706514858987 0.04211536932505524 1.921783200894845 -0.1448807005042637 0.4052172081282087 -0.1448807005042637 -0.3351290357361941
1305031465.527622 0.5793488214877218 0.03085291452923824 1.915056284601727 -0.155138422416425 0.4015388532884165 -0.155138422416425 -0.3333872563214779
1305031465.559812 0.6211381976883537 0.0658537543979579 1.892248838051108 -0.1779826418933307 0.4007329194547711 -0.1779826418933307 -0.326801991605098
1305031465.595599 0.6222128708097269 0.07957946172283592 1.876972579400331 -0.1846873952790229 0.3992477790606399 -0.1846873952790229 -0.3277374727608952
1305031465.627688 0.6464583630016849 0.08943962892798477 1.884558960200233 -0.1926302521236491 0.3936466807110499 -0.1926302521236491 -0.3258237981716655
1305031465.66006 0.66415981692897 0.08068050255661183 1.878982478549083 -0.1972846361658128 0.3857903737132628 -0.1972846361658128 -0.3296203727480508
1305031465.695668 0.6868022068095531 0.09149740756778549 1.866781321460776 -0.2123066745973175 0.3797508570807854 -0.2123066745973175 -0.3277189948902831
1305031465.727682 0.7117758528227174 0.103417744501297 1.865255451016587 -0.2227972734294 0.3764536185035571 -0.2227972734294 -0.3267008786655372
1305031465.759766 0.7392787268613675 0.1130819774634769 1.854285443881592 -0.2331469560088257 0.36850478919339 -0.2331469560088257 -0.3297031387626638
1305031465.795937 0.7659383532952169 0.1141854149103381 1.847238831740001 -0.2424909008835291 0.3597820647891537 -0.2424909008835291 -0.3324777662252107
1305031465.827996 0.8020023262794559 0.1177293493550263 1.835475679258419 -0.2517399315875404 0.3540812618718103 -0.2517399315875404 -0.3357287277921511
1305031465.859861 0.8152094959986504 0.124723305921219 1.818134366715046 -0.2575188397715549 0.3489514178215314 -0.2575188397715549 -0.3424711943924439
1305031465.895494 0.8482888883830149 0.1304962090292197 1.809866975634757 -0.2656549186860287 0.3435094258569412 -0.2656549186860287 -0.3486472980165319
1305031465.927495 0.8982248262804097 0.1537679673251642 1.819629203028506 -0.2706021904193229 0.3397439965698369 -0.2706021904193229 -0.3425646856033825
1305031465.95971 0.9208374931295453 0.1712282821455631 1.796901010218148 -0.2702287607034307 0.3344264403524114 -0.2702287607034307 -0.3484574510497772
1305031465.995753 0.9315909288605504 0.1741363868501976 1.788195043250035 -0.2636815643249996 0.3300511648925826 -0.2636815643249996 -0.3594452996320276
1305031466.027644 0.9648567214624522 0.1638796396588214 1.783925135502457 -0.25870172816435 0.3281951117019563 -0.25870172816435 -0.3694199023035292
1305031466.059757 0.9874047096911108 0.1522201646583975 1.774107666229985 -0.2554589850674809 0.3284871472730631 -0.2554589850674809 -0.377984502532301
1305031466.09584 1.025492605291221 0.1455005609991685 1.769537283082421 -0.2549842038387297 0.3269514904476354 -0.2549842038387297 -0.3769583270845024
1305031466.12764 1.048240049276918 0.1346568648361984 1.760958015959113 -0.2534347061514462 0.3275161524443106 -0.2534347061514462 -0.3741730091242338
1305031466.160428 1.073246184458914 0.1309184581871905 1.752931479886404 -0.255159377441614 0.3312836865082841 -0.255159377441614 -0.3687635984108282
1305031466.195833 1.088027370575162 0.1245075871669635 1.737993439120281 -0.2573452042302746 0.3326119055669218 -0.2573452042302746 -0.3646633399752283
1305031466.227951 1.108957985873986 0.1090821718765172 1.73585087080824 -0.2601938989677951 0.3342203305430166 -0.2601938989677951 -0.3570019531742701
1305031466.259815 1.139421205371332 0.11754275766703 1.737276075171061 -0.2660056686299447 0.3446204487125055 -0.2660056686299447 -0.3429065871720011
1305031466.295737 1.120356680724221 0.1708436373302106 1.765775395317082 -0.2669252858979423 0.3439116149049331 -0.2669252858979423 -0.3150131221390763
1305031466.327702 1.145077202900272 0.1818019437968289 1.768044673314207 -0.2626131629486352 0.3523443239169319 -0.2626131629486352 -0.3178752397019112
1305031466.359829 1.17718339684806 0.1772224218916324 1.774147550066459 -0.2517008207078804 0.3585426758087595 -0.2517008207078804 -0.3241340660973684
1305031466.395784 1.20723321137717 0.1664705104657764 1.780192423895151 -0.2398297178249106 0.361657493363983 -0.2398297178249106 -0.3264816978580871
1305031466.427819 1.192195112587465 0.1690885025647429 1.774137643537323 -0.2304437725692014 0.3634425200855695 -0.2304437725692014 -0.3292324091265282
1305031466.45979 1.171687896024527 0.155595920206217 1.773527933285944 -0.2226585751043283 0.3654397955018734 -0.2226585751043283 -0.3370829977456702
1305031466.495809 1.231995226830041 0.1469648580775573 1.773109490801587 -0.2322598041241476 0.3724056379790239 -0.2322598041241476 -0.3413148049622
1305031466.527538 1.260217007331019 0.1394871759925572 1.779009561328378 -0.232167753934577 0.3752285824855564 -0.232167753934577 -0.3388174245227234
1305031466.560353 1.274480935864596 0.1535320305001752 1.783068607545839 -0.229925649029698 0.3751427392223359 -0.229925649029698 -0.3350272247959596
1305031466.595936 1.304185292852847 0.1628637635113173 1.784043568080608 -0.2281033799134684 0.3742886542144941 -0.2281033799134684 -0.3334902428886434
1305031466.627549 1.335942942720217 0.1640804003423552 1.786582404734388 -0.2249937745108515 0.3774805634441054 -0.2249937745108515 -0.327429264821555
1305031466.659688 1.340460767058911 0.1792279347101846 1.77684604284838 -0.2190476919094762 0.3820172425670651 -0.2190476919094762 -0.3240786544781802
1305031466.695822 1.30987041153777 0.1985393299803678 1.772603505058283 -0.2110963734057741 0.3823607591376539 -0.2110963734057741 -0.326191240028175
1305031466.728074 1.348908616944673 0.1982592538959132 1.781300176888158 -0.212114427477009 0.3874707995763106 -0.212114427477009 -0.3270044617142858
1305031466.759637 1.38002106976663 0.2034002988897132 1.774469159766522 -0.2115013644507491 0.3981633057907361 -0.2115013644507491 -0.325511493815313
1305031466.795604 1.372788226547497 0.2220689421763891 1.762031102518099 -0.2078682916164531 0.4055474339296688 -0.2078682916164531 -0.3285876212062994
1305031466.827879 1.362068579488649 0.2026361648228861 1.76481421767518 -0.1976440331361705 0.4090043119164022 -0.1976440331361705 -0.3399036389487975
1305031466.859665 1.403057915922292 0.2015793177446004 1.764363608804199 -0.2035713987719877 0.4136000709538302 -0.2035713987719877 -0.3401871528715893
1305031466.895694 1.406328303326388 0.1927735223107542 1.757878080767416 -0.203331761322517 0.4122549616098839 -0.203331761322517 -0.3417593999174894
1305031466.927756 1.39071990718851 0.2172134999479688 1.771570765640886 -0.2099280639361115 0.4143847242198697 -0.2099280639361115 -0.3288758687008394
1305031466.959728 1.412809282458906 0.2177120904162365 1.772925461583778 -0.2217208245943601 0.4203857233602017 -0.2217208245943601 -0.3269763400549974
1305031466.995712 1.424535586728296 0.238307540460157 1.774949396828441 -0.2320577121012861 0.4260295928647042 -0.2320577121012861 -0.3205664716347474
1305031467.027843 1.447410784303864 0.2861811000779089 1.780606951339989 -0.2469324026068069 0.4287133900842686 -0.2469324026068069 -0.3066006109083491
1305031467.0597 1.469477017965175 0.2990385968799096 1.781621845806977 -0.2519251481385827 0.4335338988536622 -0.2519251481385827 -0.3055240563474969
1305031467.095687 1.483181852430705 0.30926707883788 1.785412595722365 -0.2531675546179341 0.4369059880904136 -0.2531675546179341 -0.304108456434118
1305031467.128974 1.508544322196299 0.3206245026366185 1.787096491777535 -0.2552271749898853 0.440956706129948 -0.2552271749898853 -0.3017655551131413
1305031467.15966 1.514722143363846 0.3266303038363368 1.781702888051174 -0.253721567376295 0.450608282211722 -0.253721567376295 -0.3043522678899629
1305031467.195663 1.516652558789837 0.3266303971327685 1.782397999116671 -0.2504912847274587 0.4581457241423136 -0.2504912847274587 -0.3076692832541146
1305031467.227704 1.522567597356563 0.3322517798843608 1.783759074083416 -0.2519212472721738 0.4628350929972376 -0.2519212472721738 -0.3072979222731304
1305031467.259694 1.530829863732767 0.3380407590838153 1.783753796464246 -0.2551565652043475 0.4694585145807119 -0.2551565652043475 -0.3066998205872427
1305031467.295846 1.535674344886968 0.3408331135564549 1.785888940033701 -0.2560915203667251 0.4747948133986226 -0.2560915203667251 -0.3076064171509281
1305031467.328008 1.549441873186977 0.3506663275957282 1.786617100422802 -0.2604707367572226 0.4813402174991873 -0.2604707367572226 -0.3077034638911487
1305031467.359654 1.56377088887373 0.3573399377897154 1.786320302429886 -0.264686387684217 0.4867761054224816 -0.264686387684217 -0.3078581300665588
1305031467.395756 1.588489607794231 0.3529717832519687 1.784174344519326 -0.2685690699824499 0.4897185226897707 -0.2685690699824499 -0.3078585721028373
1305031467.427783 1.607240636248439 0.367405644970195 1.784917248755654 -0.2740579992630754 0.4967408075043714 -0.2740579992630754 -0.2991871817333205
1305031467.459692 1.610767878071762 0.3675905178161033 1.785107535699745 -0.2735713922518596 0.502825429849534 -0.2735713922518596 -0.2984537434126592
1305031467.496058 1.610094126993868 0.3661869577108617 1.790471758015282 -0.2742636022631486 0.5051330334928023 -0.2742636022631486 -0.2964099441190263
1305031467.527663 1.636782907869951 0.3801497926260788 1.792343259206231 -0.2811919163049561 0.5117307133886245 -0.2811919163049561 -0.2895630123210285
1305031467.559763 1.657762195038259 0.4149714413927003 1.791003273459366 -0.2881599874324513 0.5187660135188524 -0.2881599874324513 -0.2784236687986136
1305031467.595989 1.647229662726278 0.4321447047370301 1.795483665803421 -0.2857613529437894 0.523089745353617 -0.2857613529437894 -0.2743251381410494
1305031467.627532 1.655954608439183 0.4333395206738054 1.796849084784231 -0.2853606752954728 0.5219789508994941 -0.2853606752954728 -0.2753952118792369
1305031467.659626 1.650342587283332 0.4390778586056305 1.80413043281922 -0.2861260144011674 0.5213873553812006 -0.2861260144011674 -0.2732724629749538
1305031467.695886 1.641029194023586 0.4438670609018616 1.811359366581629 -0.2890658286472446 0.5194820198737724 -0.2890658286472446 -0.2757392992413278
1305031467.727535 1.661359546198177 0.4715246098644786 1.810694042076469 -0.2993762044623409 0.5207317310222294 -0.2993762044623409 -0.2739043302994955
1305031467.759907 1.666639057504443 0.4941401426821789 1.810574872827664 -0.3034504689961272 0.5250392860757653 -0.3034504689961272 -0.2745760994563188
1305031467.796075 1.662485524128327 0.5148530687600414 1.809115482983729 -0.3072746150882039 0.5277564922729218 -0.3072746150882039 -0.2775649148559102
1305031467.8278 1.668113129084633 0.5123729411186612 1.803573619733748 -0.3084858433574086 0.5290112925689722 -0.3084858433574086 -0.2852695337811473
1305031467.859729 1.664356299626651 0.5320210518856977 1.800586997794936 -0.3133326945878516 0.5294643167909965 -0.3133326945878516 -0.2866340506671208
1305031467.895947 1.646928294747745 0.5233403008286204 1.811215962968752 -0.3108844508184022 0.5280175942371665 -0.3108844508184022 -0.2935746482964298
1305031467.927754 1.649399160876968 0.5282073510558256 1.806228035947419 -0.3183782796612608 0.5278222167606126 -0.3183782796612608 -0.2973840170996982
1305031467.959826 1.651106749920671 0.5515084382226787 1.802378600312962 -0.3277665141305738 0.5313001702543404 -0.3277665141305738 -0.2952938287303469
1305031467.995754 1.637727716461612 0.5722869492480868 1.799273725614737 -0.334191924320507 0.5327072887928312 -0.334191924320507 -0.2966538978838428
1305031468.028107 1.641049848200234 0.593485435069167 1.797007894148507 -0.3385744482102135 0.5351832898619056 -0.3385744482102135 -0.296832093681809
1305031468.05985 1.6527220920643 0.6045914126237171 1.790473744012323 -0.3386045562489513 0.5381821958270421 -0.3386045562489513 -0.2993162373691901
1305031468.095867 1.632201267120308 0.6131163299798642 1.79030585045243 -0.3380479051224869 0.5391182079781482 -0.3380479051224869 -0.3027778872960398
1305031468.127816 1.637090300570659 0.6191674533128533 1.786400593890875 -0.3401743240979802 0.5411590929032467 -0.3401743240979802 -0.3071867976497656
1305031468.159864 1.633926358624579 0.6401120719845126 1.780356613323912 -0.3434776185191114 0.542228009539135 -0.3434776185191114 -0.3050089326805458
1305031468.195985 1.617693503819103 0.6559019794180518 1.779967800946154 -0.3432388803222765 0.5453087671954793 -0.3432388803222765 -0.3053958461946791
1305031468.228158 1.61856476915043 0.6769431093098907 1.777646610446626 -0.3442581769177916 0.5480103845902226 -0.3442581769177916 -0.3050932659074634
1305031468.259754 1.601140237493692 0.6987915024872404 1.773597117872085 -0.3434254657302824 0.5487109362864064 -0.3434254657302824 -0.3029562716960915
1305031468.29583 1.586201989906507 0.7163035727698217 1.778539870660732 -0.3405823184513722 0.5480558336861187 -0.3405823184513722 -0.3019622257872495
1305031468.327847 1.581965445800102 0.7375554162151819 1.777823277753556 -0.3398477750170908 0.5475971916644869 -0.3398477750170908 -0.3018432147011728
1305031468.359787 1.557285661975231 0.7555657428509716 1.785603378857576 -0.3363773320700443 0.5466301671123275 -0.3363773320700443 -0.3018044927239074
1305031468.39586 1.545506840789826 0.7701931827155217 1.793138339789834 -0.3344369480817319 0.5431878983660113 -0.3344369480817319 -0.3050957852786818
1305031468.428025 1.557221584113856 0.797998646780367 1.79337332837365 -0.3383622074149664 0.540643096966705 -0.3383622074149664 -0.3013776676171425
1305031468.459759 1.542734011478376 0.810584743243245 1.798309889390068 -0.3356739520220056 0.5416674787350855 -0.3356739520220056 -0.298874019429411
1305031468.495809 1.515206794742691 0.8161978240730601 1.8064968796401 -0.3315684850988682 0.5423959451325756 -0.3315684850988682 -0.298787643646689
1305031468.527756 1.522887096813292 0.8405827430811015 1.812726333215996 -0.3332285029511617 0.5414153444925103 -0.3332285029511617 -0.2956385598983456
1305031468.559739 1.505744857246404 0.8481406559820616 1.821069666517954 -0.3282334324963357 0.5448421120799003 -0.3282334324963357 -0.2976658514929781
1305031468.595768 1.476784916900779 0.8489259496643162 1.834487301568509 -0.3226531716414016 0.5526957465540058 -0.3226531716414016 -0.3048494606270635
1305031468.627626 1.48302316705279 0.8579931337753531 1.832691329039516 -0.3257808347413327 0.5552725647097982 -0.3257808347413327 -0.3100658057138316
1305031468.659579 1.489305432502531 0.8659139740643386 1.833018168167358 -0.3273999416676393 0.5548836294804759 -0.3273999416676393 -0.3075183841749458
1305031468.695835 1.455050091872613 0.8494666868616686 1.85313300823329 -0.3201073844818766 0.5599823591959394 -0.3201073844818766 -0.3089406818958987
1305031468.727785 1.426934880713025 0.8482310710906085 1.867735930114241 -0.3209281988731382 0.5643688285826948 -0.3209281988731382 -0.3095619304874919
1305031468.759628 1.416727219533035 0.860504180914713 1.870347969159578 -0.329317341232539 0.5658155577988113 -0.329317341232539 -0.3098358410664953
1305031468.795796 1.414554581153458 0.8759535451556212 1.886075275528838 -0.3346770064383847 0.5672942049017424 -0.3346770064383847 -0.306630248059605
1305031468.829247 1.396178163660736 0.8961203664017857 1.896526635835491 -0.3382410960828638 0.5708057723933223 -0.3382410960828638 -0.3049754034520928
1305031468.859659 1.375584915015682 0.8973277649539936 1.9068793905503 -0.3381567022613087 0.5754153431682305 -0.3381567022613087 -0.3112190184218142
1305031468.895873 1.388910592181935 0.9338225760330323 1.91741161205621 -0.3442182388764904 0.5775487158882883 -0.3442182388764904 -0.30788667905071
1305031468.928141 1.388569918989454 0.950729958500188 1.918262824441729 -0.3425401380581414 0.5772573441241531 -0.3425401380581414 -0.306601428492061
1305031468.959594 1.37745027822593 0.9543256309807666 1.923452620657894 -0.3365615734923484 0.5757830066994789 -0.3365615734923484 -0.3058470935401782
1305031468.995711 1.38070117428303 0.9636847439617926 1.923668613562677 -0.3335476401253404 0.5721090059866469 -0.3335476401253404 -0.3019130071274441
1305031469.027699 1.395690904612997 0.985099622328849 1.921278008279147 -0.3321001605315831 0.5739084876168258 -0.3321001605315831 -0.2876650293995733
1305031469.059832 1.385451650782281 0.9940631728949001 1.923822414859164 -0.3214875601446699 0.5824056171118537 -0.3214875601446699 -0.2724698024447004
1305031469.095723 1.346676905478208 0.9846279718358747 1.946611218044621 -0.3025363352121401 0.5952840391792579 -0.3025363352121401 -0.2601455831422996
1305031469.127679 1.340750175181403 0.9879276276904647 1.941392753973303 -0.2946959989159479 0.6052202366970399 -0.2946959989159479 -0.2529357593208179
1305031469.159703 1.33967225666361 1.002724474257383 1.934655709416293 -0.2850399925507214 0.6131166754249522 -0.2850399925507214 -0.2460226861373197
1305031469.19554 1.320034568666158 1.009858754168634 1.941345324889445 -0.2681203776066455 0.6217448115283846 -0.2681203776066455 -0.2396811793812699
1305031469.227754 1.303295866788775 1.012858788996076 1.93960632248777 -0.2538370324667738 0.6259158952809615 -0.2538370324667738 -0.2367516177737199
1305031469.259586 1.282172050417743 1.006823697837953 1.936513398730274 -0.2418351418084382 0.6285097441151771 -0.2418351418084382 -0.2357851595318074
1305031469.296754 1.272413608791464 1.011347538179024 1.929647866745973 -0.2365941958841577 0.6316373411304861 -0.2365941958841577 -0.2319684037798937
1305031469.327618 1.265824187506994 1.013310489330681 1.922238061754765 -0.2299021461795905 0.6331723551916056 -0.2299021461795905 -0.2307710626272165
1305031469.359592 1.260679407136185 1.016560870403694 1.913591635460533 -0.2252632843046595 0.6341004288292486 -0.2252632843046595 -0.2273012077809431
1305031469.395695 1.261347198527661 1.029676517142103 1.906753131968124 -0.2192813095304825 0.6381724288312864 -0.2192813095304825 -0.2230812314334304
1305031469.427651 1.250162023787162 1.025930425020787 1.905032404072644 -0.2028607640057813 0.6417295267497829 -0.2028607640057813 -0.2284867107577983
1305031469.459668 1.242537186565512 1.02518819481571 1.895234431476442 -0.1896637671772934 0.6431825098600116 -0.1896637671772934 -0.2341092820690084
1305031469.495744 1.239827604709838 1.025035126351072 1.883560614800605 -0.1789608783411822 0.6459431117916797 -0.1789608783411822 -0.2385096809338218
1305031469.527622 1.228638056939895 1.018617691780038 1.871683266564721 -0.1702172504158636 0.6472997059351429 -0.1702172504158636 -0.2403346013475618
1305031469.559645 1.219861477321481 1.017590046060093 1.854974509726899 -0.1685485877310185 0.6480486843816538 -0.1685485877310185 -0.2360207830086131
1305031469.595755 1.224732667002672 1.017474401001931 1.835862370818607 -0.168764456148827 0.64877062997961 -0.168764456148827 -0.2325472684370971
1305031469.627752 1.224062033877414 1.02288793757362 1.825472447797508 -0.1669777105354171 0.649695931134995 -0.1669777105354171 -0.2228410825777789
1305031469.65959 1.225074714517782 1.025762395631072 1.812595501114992 -0.1629896483189343 0.6505341489545695 -0.1629896483189343 -0.2143510943022987
1305031469.695613 1.22445863474216 1.02456967784783 1.79771118222505 -0.1576362264106767 0.6505325251675073 -0.1576362264106767 -0.2113958219655791
1305031469.727679 1.220592031297336 1.022250129387453 1.782493695863769 -0.1523166353431564 0.6497767665350325 -0.1523166353431564 -0.207998118292905
1305031469.759599 1.220212707778848 1.021441103811713 1.766859633284464 -0.1472797085072286 0.6486052514787047 -0.1472797085072286 -0.2045208205716738
1305031469.795621 1.220795286271004 1.015568434908982 1.750182532242529 -0.1421048240917878 0.6463023320848975 -0.1421048240917878 -0.2015822010638064
1305031469.827526 1.217769097495317 1.010688409920725 1.736420928563954 -0.1382908936284649 0.6451572838580976 -0.1382908936284649 -0.19384806990266
1305031469.859574 1.217733375270015 0.999592356704518 1.720204370123707 -0.1374116854724717 0.6431176255352155 -0.1374116854724717 -0.1891379217593612
1305031469.895755 1.22006313243932 0.9793434996900862 1.709032830753388 -0.1321544524615568 0.6415884073596508 -0.1321544524615568 -0.1869253713697928
1305031469.927854 1.221654173035387 0.9742560061198109 1.691780763149446 -0.1350841788750891 0.6406581663160252 -0.1350841788750891 -0.1805590544664045
1305031469.959805 1.226460331206696 0.9641630226004408 1.673600766494283 -0.1395943477436158 0.6364966132074966 -0.1395943477436158 -0.1758676024325415
1305031469.995551 1.22824120547726 0.9504462778428154 1.658762425461159 -0.1429773001642175 0.6355261695054312 -0.1429773001642175 -0.1745634899146234
1305031470.027694 1.22477661498193 0.9360020076460749 1.646956767080448 -0.1426653229754146 0.6355500350932157 -0.1426653229754146 -0.1717269839868092
1305031470.059638 1.227071917794551 0.9182326909568186 1.634448661325534 -0.1441688067651166 0.6340250306759205 -0.1441688067651166 -0.170203566093508
1305031470.095944 1.226309522360259 0.9050103913289363 1.62341864355883 -0.1447690731824564 0.6347902549989066 -0.1447690731824564 -0.167097583308241
1305031470.127633 1.226106933409565 0.8972310344308471 1.610243811589763 -0.1493902250171012 0.6337055844158133 -0.1493902250171012 -0.162181235439594
1305031470.159626 1.224696037477571 0.8765415841011643 1.602597013241122 -0.1457096391819386 0.6322169942093745 -0.1457096391819386 -0.1598407014837264
1305031470.196092 1.225378112948902 0.855946301935664 1.594137344415241 -0.1447364018682339 0.6290553200948972 -0.1447364018682339 -0.1587449113598904
1305031470.227618 1.234997319384311 0.8386022827190369 1.580968784465894 -0.1521891462196637 0.6242399025018135 -0.1521891462196637 -0.1603933335428869
1305031470.259965 1.233877059629697 0.8246640814351489 1.576217511955941 -0.1522514576500885 0.6225958278859686 -0.1522514576500885 -0.1552220384451056
1305031470.295718 1.232710522645415 0.8080764684890465 1.57130663603791 -0.1504937261429513 0.6207096481993876 -0.1504937261429513 -0.1508410634286476
1305031470.327644 1.232411025595042 0.7925502565661884 1.566746269945332 -0.1486090501636401 0.618563082750577 -0.1486090501636401 -0.1448833486509829
1305031470.359624 1.229305775514318 0.7741049932186383 1.562512036180555 -0.1446260527428164 0.61704304358833 -0.1446260527428164 -0.138823938002208
1305031470.395823 1.226099602933883 0.7511322157899283 1.558553465080807 -0.1407680952556478 0.6140329197906959 -0.1407680952556478 -0.1360828259557703
1305031470.427641 1.221727548844564 0.7315020704157336 1.556574631243862 -0.1376132615566642 0.6119277146084814 -0.1376132615566642 -0.1315043174759695
1305031470.459721 1.222620739776967 0.7135850805647039 1.550465892961329 -0.1399817112713251 0.6126002970696034 -0.1399817112713251 -0.1329942864216953
1305031470.495686 1.220319234565512 0.6928361018617383 1.546515862958579 -0.1398180494101912 0.6124722259951129 -0.1398180494101912 -0.1363492964509775
1305031470.527689 1.219600971973725 0.673105858914949 1.542035300896815 -0.1418542004287726 0.6099550819588487 -0.1418542004287726 -0.1406675370295739
1305031470.559677 1.220209603811051 0.6648615812523 1.538970619637824 -0.147406012783619 0.6123183774439138 -0.147406012783619 -0.1390144923239668
1305031470.59576 1.216474808820624 0.6539757017730673 1.537969071307813 -0.1468688642669333 0.6121212575891821 -0.1468688642669333 -0.1360342394140663
1305031470.627729 1.213186588920605 0.6410244693931688 1.534868224832549 -0.1477022925585604 0.6087320167771706 -0.1477022925585604 -0.1352761446668684
1305031470.65969 1.208168977423353 0.6313400904316981 1.534706184380684 -0.1471246552747991 0.605952650321031 -0.1471246552747991 -0.1298417085892177
1305031470.69563 1.20556835382596 0.619588594423355 1.531397924372954 -0.1478646263391001 0.6026249492501655 -0.1478646263391001 -0.1291619343209321
1305031470.727654 1.197568925751499 0.6031277380328242 1.532569057134125 -0.1428228521904353 0.5998897598867362 -0.1428228521904353 -0.1262422225455014
1305031470.759682 1.187223221896628 0.5900072305349996 1.531004704227004 -0.1398916391494208 0.5986953917835512 -0.1398916391494208 -0.1250620122885385
1305031470.795615 1.19589158776169 0.5915488380370523 1.524857184013988 -0.1503236008064663 0.5964192196636567 -0.1503236008064663 -0.1256357676803487
1305031470.827831 1.193486501859627 0.5845578677647915 1.524435914932992 -0.1473607325253345 0.5927413426116415 -0.1473607325253345 -0.1238412517800056
1305031470.859645 1.176209348576339 0.5686366623383343 1.525523844016819 -0.1387380431714617 0.588164312386831 -0.1387380431714617 -0.1249628213786564
1305031470.895722 1.167531021280633 0.5522630665554774 1.526720212825394 -0.1360696648590926 0.5839940391568603 -0.1360696648590926 -0.1321611476713205
1305031470.927684 1.157483941246873 0.539225705875823 1.530302976875586 -0.1345037926161685 0.5781355978656881 -0.1345037926161685 -0.1338140417091649
1305031470.959647 1.156542488955835 0.5171936090600644 1.528606721376872 -0.1363001301509522 0.5724107649021536 -0.1363001301509522 -0.1470748548367943
1305031470.995996 1.136800061360539 0.5173112716440712 1.53434078135411 -0.1391236252712737 0.5720554475924794 -0.1391236252712737 -0.142899512992187
1305031471.027644 1.136598564006217 0.5167903746459585 1.537010378582903 -0.1500274703167368 0.5689310277370099 -0.1500274703167368 -0.1468363838726342
1305031471.059636 1.133183922143134 0.5145541910862228 1.539977587952166 -0.155943113376203 0.566248629050542 -0.155943113376203 -0.1533568171535397
1305031471.095777 1.124739706369896 0.5070565808580265 1.545014383711381 -0.1560413038082722 0.5614165842404977 -0.1560413038082722 -0.1616983669403926
1305031471.127663 1.117751268122387 0.4966347176015781 1.549138845600629 -0.1572148648036977 0.5534808245567271 -0.1572148648036977 -0.1693539976732819
1305031471.159649 1.113459936683771 0.492614233109562 1.554175612749558 -0.1624908786416202 0.547830467862878 -0.1624908786416202 -0.1722981895407105
1305031471.195703 1.111114643880541 0.4915432226678504 1.558440949477586 -0.1681604835521559 0.5431759087996378 -0.1681604835521559 -0.1745758791801966
1305031471.227569 1.111389640169281 0.4907884664715634 1.560919776938235 -0.1720669498028929 0.5378222821215498 -0.1720669498028929 -0.1758441128299501
1305031471.259722 1.106185278691319 0.4894403025240083 1.565560134590569 -0.1712552016843258 0.5334180202047826 -0.1712552016843258 -0.1729246115952512
1305031471.296068 1.102424285883536 0.4864135846868348 1.566961425324464 -0.1715062787993657 0.5303455225971443 -0.1715062787993657 -0.1721808141799145
1305031471.327642 1.097103366817925 0.4765647274415181 1.566678703204954 -0.1688843548319252 0.5251207678057481 -0.1688843548319252 -0.1777460297823219
1305031471.359615 1.092365659392268 0.4712254169579034 1.568478420718546 -0.1658487437494399 0.5207845483337563 -0.1658487437494399 -0.183173017205828
1305031471.39573 1.09878456431378 0.4803834680638711 1.570993931555625 -0.1699975674186385 0.5179979437839666 -0.1699975674186385 -0.1809961505813825
1305031471.427704 1.086658361157754 0.4665271453952352 1.57334339299801 -0.1568564569990962 0.5106920498228654 -0.1568564569990962 -0.1883859047816119
1305031471.459647 1.083495633860605 0.4519146049045366 1.57327513399134 -0.154761038115654 0.5021274747376201 -0.154761038115654 -0.198868532366204
1305031471.496491 1.083084473004988 0.4539382947381536 1.578811960679056 -0.1595153886949654 0.4986182677085733 -0.1595153886949654 -0.1941020574141092
1305031471.527624 1.080575148422437 0.4509990232211153 1.581041957363499 -0.1598537279332994 0.4951623072653213 -0.1598537279332994 -0.1924325428742154
1305031471.559671 1.07723021721433 0.4442232173932732 1.582430375081824 -0.1587957392238796 0.4906954208399406 -0.1587957392238796 -0.1938697462142966
1305031471.595702 1.074780842896434 0.4491879239410662 1.587587416453066 -0.1596563511792801 0.4889357704244625 -0.1596563511792801 -0.1875878919420974
1305031471.627621 1.068270049478502 0.4414306548817966 1.590675796412369 -0.1510129364747427 0.4855967889917584 -0.1510129364747427 -0.1904605723076397
1305031471.659642 1.069346872356345 0.4377130202707551 1.592287972364169 -0.1482937168824949 0.4831332549103312 -0.1482937168824949 -0.1939121975428374
1305031471.695609 1.066031451099197 0.4338049478656582 1.595097044605917 -0.1432950561945448 0.4785538874753226 -0.1432950561945448 -0.1970922994521874
1305031471.727501 1.065400811104598 0.4315803191192793 1.598923560066133 -0.1416285166034093 0.4725809356229667 -0.1416285166034093 -0.1985078930034821
1305031471.759702 1.069805387795987 0.4342083516363296 1.602491543446392 -0.1432379003890112 0.4684207570067767 -0.1432379003890112 -0.1955730297557303
1305031471.795801 1.069894648521086 0.4297628501674843 1.602607629779469 -0.1393783946879474 0.4621527665024739 -0.1393783946879474 -0.1980077397258965
1305031471.827639 1.07336303405411 0.4329746594191187 1.604877470629961 -0.139640552505153 0.4531485900001277 -0.139640552505153 -0.1968996756303571
1305031471.859665 1.079599439881544 0.4312804257199058 1.606126374052273 -0.1394387668039896 0.446327844508852 -0.1394387668039896 -0.1945108750842737
1305031471.895604 1.077461298203842 0.4262457876246425 1.605178923693787 -0.1346490884541878 0.4405146489834793 -0.1346490884541878 -0.1930703927652968
1305031471.927651 1.080987391710302 0.4260933698027436 1.604863642053324 -0.1339143991530456 0.4356713115506226 -0.1339143991530456 -0.1898880421258788
1305031471.959643 1.091242114169816 0.425053436420524 1.602241347389308 -0.1348369858787961 0.4343919812526101 -0.1348369858787961 -0.1887510918539799
1305031471.995573 1.07539254654413 0.3985524400264929 1.596747320339126 -0.1110226217704083 0.4327219190800448 -0.1110226217704083 -0.2042701263382932
1305031472.027638 1.075010473180124 0.3973592154792879 1.598141368732174 -0.1058936338787219 0.426210345424955 -0.1058936338787219 -0.2036923196618969
1305031472.059668 1.08651259268769 0.4158567653178483 1.602807101654339 -0.1135447685012189 0.4246842260126069 -0.1135447685012189 -0.1854504495398411
1305031472.095601 1.07549803722571 0.3926697486666277 1.594265779897699 -0.09778241304288937 0.4194871441629398 -0.09778241304288937 -0.1976546179918993
1305031472.127594 1.069765115309764 0.3797660773600465 1.591009506215059 -0.08945347099371237 0.4121049959560767 -0.08945347099371237 -0.204016402192738
1305031472.159645 1.080890773304035 0.4035405181157296 1.600299053794611 -0.1018054371205045 0.4118944325892262 -0.1018054371205045 -0.180969316405367
1305031472.195682 1.074722685598518 0.3719652340549771 1.587055939867983 -0.09002999140965273 0.4087165678977805 -0.09002999140965273 -0.2000004235887409
1305031472.227626 1.056486609741993 0.3455089940457466 1.577939132514671 -0.07461831036611447 0.400376170090617 -0.07461831036611447 -0.217383832088607
1305031472.26384 1.056147348169636 0.3411401910904265 1.578747878244664 -0.07550335714632164 0.3978925433719701 -0.07550335714632164 -0.2200293628391609
1305031472.295671 1.055124877685492 0.3400633447169658 1.5781750332697 -0.07608195202746555 0.3967460773664306 -0.07608195202746555 -0.2234448650276332
1305031472.327678 1.046844735963362 0.3373301871206911 1.577471102718977 -0.07287269920201554 0.3930546231916831 -0.07287269920201554 -0.2304704287069712
1305031472.363577 1.049077757173936 0.3367413588727424 1.581120264660514 -0.07615318788164495 0.3906887713061717 -0.07615318788164495 -0.2337358128512085
1305031472.395599 1.050667858985326 0.3398754706497386 1.585376290755869 -0.07921639355897099 0.39046508441462 -0.07921639355897099 -0.2302348058628871
1305031472.427686 1.046907985806114 0.3292769712854111 1.581218162113196 -0.07712475460679931 0.3878606580033744 -0.07712475460679931 -0.2367794461901752
1305031472.463603 1.041865373551876 0.3281341515249083 1.582251079209249 -0.07790138630736583 0.3879976982946994 -0.07790138630736583 -0.2378940408185718
1305031472.495626 1.037680721542035 0.3297109284296005 1.584037707040939 -0.07725080036679774 0.3891472758714485 -0.07725080036679774 -0.2380907487404016
1305031472.527625 1.042558466910127 0.3432561971163809 1.590198223624552 -0.08232026849717683 0.3912007481788713 -0.08232026849717683 -0.2310062482272489
1305031472.563587 1.037635674256825 0.3414376266900755 1.590259399323278 -0.07852877476493864 0.3878696706413075 -0.07852877476493864 -0.2338100541285807
1305031472.595675 1.029529666364202 0.335593871597603 1.590877247710873 -0.07503444289957123 0.3849879481667926 -0.07503444289957123 -0.2417368211392538
1305031472.627701 1.032664890385389 0.340979934358441 1.59665172527456 -0.08130558042688252 0.3837953958144598 -0.08130558042688252 -0.2412338354857347
1305031472.663575 1.035136024957831 0.3474962451011687 1.599701254989728 -0.08574175794022292 0.3831404300137952 -0.08574175794022292 -0.2382385722184414
1305031472.695755 1.031956020258753 0.3477131745591995 1.599595602206336 -0.0849555245563567 0.3814496839553539 -0.0849555245563567 -0.2401775567557091
1305031472.727628 1.030799096084648 0.3513411851257687 1.601627614085278 -0.08676213034453178 0.380969399070513 -0.08676213034453178 -0.2407269040828516
1305031472.763578 1.029990635514541 0.3558466655183828 1.603260094547439 -0.08906395551513938 0.3812757512198686 -0.08906395551513938 -0.2416995964297516
1305031472.79564 1.032659572669631 0.3605906234661537 1.604810801814947 -0.09169995097467749 0.3828118375239491 -0.09169995097467749 -0.2429040688634106
1305031472.827627 1.030969867782052 0.3654716704273883 1.606342381160167 -0.09133703430675684 0.3841131582327854 -0.09133703430675684 -0.2435557369227909
1305031472.863598 1.028666932995381 0.365215880539739 1.606214933588869 -0.09004252588413805 0.3836939843060934 -0.09004252588413805 -0.2476664983017389
1305031472.895713 1.026907882039657 0.3660049108459565 1.607749501023482 -0.09055617708562627 0.3818680249284562 -0.09055617708562627 -0.2489067621571265
1305031472.927685 1.02979290508437 0.3707644401134467 1.608542743064433 -0.09572357315462489 0.3802864271722642 -0.09572357315462489 -0.2462742825258493
1305031472.963756 1.042388716305157 0.3790190153475516 1.606008529541608 -0.1074734596574593 0.3801904013499042 -0.1074734596574593 -0.2450063632906889
1305031472.995704 1.029785353666555 0.3819158610327767 1.610542300929676 -0.1008450023551802 0.3782088397035111 -0.1008450023551802 -0.2403926594954958
1305031473.027638 1.033892580408215 0.3869697926066242 1.610613905993398 -0.1059153018562109 0.3776446958472693 -0.1059153018562109 -0.2372600069041465
1305031473.063684 1.039934698551742 0.3930905745196211 1.610147560559941 -0.1129627328098061 0.3781832106919023 -0.1129627328098061 -0.2341408811982044
1305031473.095695 1.035480404275759 0.3866509789676398 1.607655401376606 -0.1079698440416153 0.3795985171425804 -0.1079698440416153 -0.2380913075499531
1305031473.127744 1.028840326455417 0.386580581681154 1.608446168074744 -0.1027257136343542 0.3809143309855504 -0.1027257136343542 -0.2381816219110985
1305031473.16706 1.029236108428196 0.3885101469837223 1.608332256334392 -0.1026051404185876 0.3815479339099475 -0.1026051404185876 -0.2379499430006647
1305031473.196069 1.031080151041766 0.3890886381743961 1.607673695656931 -0.1052829407895647 0.3824099628077338 -0.1052829407895647 -0.2393273638134808
